COLUMNS = r z B Br Bz ZONE I=27 J=46 
200 215 0.3445429807188561 -0.09651314960089963 0.3307492668423445
201 215 0.342457531584276 -0.08906243346156342 0.3306736213923027
202 215 0.3405223841414878 -0.08161171732222719 0.3305979759422612
203 215 0.3387401143213721 -0.07416100118289062 0.3305223304922188
204 215 0.3371131468601551 -0.06671028504355456 0.3304466850421778
205 215 0.3356437401589705 -0.05925956890421817 0.3303710395921361
206 215 0.3357475205598047 -0.05350837753385467 0.3314562581936733
207 215 0.3371518905055415 -0.04921895391883396 0.333539940406837
208 215 0.3386175995926579 -0.04492953030381326 0.3356236226200002
209 215 0.3399803623109654 -0.04053800116983674 0.3375549099305913
210 215 0.3389714497829563 -0.03461435812859671 0.3371994809890794
211 215 0.3380637107588563 -0.02869071508735679 0.3368440520475666
212 215 0.33725796217341 -0.02276707204611662 0.3364886231060542
213 215 0.3365549365555344 -0.01684342900487645 0.3361331941645417
214 215 0.3359552787852323 -0.01091978596363653 0.3357777652230289
215 215 0.3354595431950805 -0.004996142922396501 0.335422336281517
216 215 0.3350681910460401 0.0009275001188436633 0.3350669073400046
217 215 0.3347815884039984 0.00685114316008383 0.3347114783984921
218 215 0.3346000044395818 0.01277478620132387 0.3343560494569802
219 215 0.3345236101695311 0.01869842924256378 0.3340006205154674
220 215 0.3345524776533121 0.02462207228380396 0.3336451915739549
221 215 0.3346865796537238 0.03054571532504411 0.3332897626324424
222 215 0.33489211324758 0.03639842637767977 0.332908218691967
223 215 0.3341016854211382 0.04000140717954168 0.3316983925570061
224 215 0.3333584860226228 0.04364500939291589 0.3304890215398803
225 215 0.332898663989589 0.04883656876972262 0.3292969936650704
226 215 0.3325235438389977 0.05402812814652934 0.3281049657902606
200 216 0.3382829644038592 -0.09411961791135459 0.3249259323754928
201 216 0.3362130387862963 -0.08666890177201839 0.324850286925451
202 216 0.3342964084168641 -0.07921818563268215 0.3247746414754094
203 216 0.3325357239415934 -0.0717674694933456 0.3246989960253671
204 216 0.3309334744336867 -0.06431675335400952 0.324623350575326
205 216 0.3295398840879824 -0.05692270839083082 0.324586414494158
206 216 0.3308830832016994 -0.05263328477581031 0.3266700967073221
207 216 0.3322892957445866 -0.04834386116078961 0.3287537789204857
208 216 0.3337577252391813 -0.04405443754576889 0.3308374611336491
209 216 0.3352875542281004 -0.03976501393074818 0.3329211433468123
210 216 0.3348368121615295 -0.03419039232516195 0.3330866371548803
211 216 0.3339297321806002 -0.02826674928392203 0.3327312082133675
212 216 0.3331259116957801 -0.02234310624268186 0.3323757792718551
213 216 0.3324260997655071 -0.0164194632014417 0.3320203503303425
214 216 0.3318309544341725 -0.01049582016020178 0.3316649213888298
215 216 0.3313410396997428 -0.004572177118961743 0.3313094924473178
216 216 0.3309568228804835 0.00135146592227842 0.3309540635058054
217 216 0.3306786724090411 0.007275108963518586 0.3305986345642929
218 216 0.3305068560778937 0.01319875200475863 0.330243205622781
219 216 0.33044153975553 0.01912239504599854 0.3298877766812682
220 216 0.3304827865876568 0.02504603808723871 0.3295323477397557
221 216 0.3306305566923676 0.03096968112847887 0.3291769187982433
222 216 0.3303323806186827 0.03573243239462258 0.328394084843759
223 216 0.3295403069097372 0.03933541319648449 0.3271842587087979
224 216 0.3287902619771345 0.04293839399834654 0.3259744325738377
225 216 0.3282846019624803 0.04784596379090308 0.3247792229108625
226 216 0.3279049430171277 0.05303752316770981 0.3235871950360527
200 217 0.3320243106846471 -0.09172608622180971 0.3191025979086416
201 217 0.3299705053448862 -0.08427537008247353 0.3190269524585998
202 217 0.328073107242807 -0.07682465394313728 0.3189513070085582
203 217 0.3263348445703995 -0.06937393780380073 0.3188756615585159
204 217 0.3247582726460872 -0.06192322166446466 0.3188000161084749
205 217 0.324674509381285 -0.05604761563278652 0.3198002530078073
206 217 0.3260186776770411 -0.05175819201776602 0.3218839352209714
207 217 0.3274267874191474 -0.0474687684027453 0.3239676174341351
208 217 0.3288980173518679 -0.04317934478772459 0.3260512996472984
209 217 0.3304315243577474 -0.03888992117270387 0.3281349818604616
210 217 0.3307021745496176 -0.03376642652172726 0.3289737933206816
211 217 0.3297957701353695 -0.02784278348048734 0.3286183643791688
212 217 0.328993926235337 -0.02191914043924718 0.3282629354376563
213 217 0.328297408996063 -0.01599549739800701 0.3279075064961439
214 217 0.3277068900107823 -0.0100718543567671 0.3275520775546311
215 217 0.3272229431454574 -0.004148211315527059 0.3271966486131192
216 217 0.3268460417906819 0.001775431725713108 0.3268412196716067
217 217 0.3265765565696993 0.007699074766953274 0.3264857907300942
218 217 0.3264147535281353 0.01362271780819331 0.3261303617885824
219 217 0.326360792825929 0.01954636084943322 0.3257749328470696
220 217 0.3264147279464115 0.02547000389067339 0.3254195039055571
221 217 0.3265765054315997 0.03139364693191356 0.3250640749640447
222 217 0.3257727394361791 0.03506643841156538 0.323879950995551
223 217 0.3249789738734685 0.0386694192134273 0.32267012486059
224 217 0.3242278203051425 0.04227240001528934 0.3214602987256298
225 217 0.3236708550161702 0.04685535881208364 0.3202614521566553
226 217 0.3232865280281709 0.05204691818889036 0.3190694242818454
200 218 0.3257670980960034 -0.08933255453226491 0.3132792634417909
201 218 0.3237300446077367 -0.08188183839292873 0.3132036179917491
202 218 0.3218526357636513 -0.0744311222535925 0.3131279725417075
203 218 0.3201376802263951 -0.06698040611425593 0.3130523270916652
204 218 0.3185878014612497 -0.05952968997491986 0.3129766816416242
205 218 0.3198091386084087 -0.0551725228747422 0.3150140915214562
206 218 0.3211543054323375 -0.0508830992597217 0.3170977737346203
207 218 0.3225643694381492 -0.04659367564470099 0.319181455947784
208 218 0.3240384834203544 -0.04230425202968027 0.3212651381609474
209 218 0.325575777380205 -0.03801482841465956 0.3233488203741106
210 218 0.326567536947581 -0.03334246071829253 0.3248609494864823
211 218 0.3256618252527752 -0.02741881767705262 0.3245055205449695
212 218 0.3248620082729798 -0.02149517463581245 0.324150091603457
213 218 0.3241688698264582 -0.01557153159457229 0.3237946626619445
214 218 0.3235830954533898 -0.009647888553332366 0.3234392337204317
215 218 0.3231052690920678 -0.003724245512092328 0.3230838047789199
216 218 0.322735870209901 0.002199397529147832 0.3227283758374073
217 218 0.3224752714216264 0.008123040570387999 0.3223729468958949
218 218 0.3223237366220281 0.01404668361162803 0.322017517954383
219 218 0.3222814196548505 0.01997032665286795 0.3216620890128702
220 218 0.3223483635335076 0.02589396969410812 0.3213066600713577
221 218 0.3220515903262984 0.03079746362664635 0.3205756432823045
222 218 0.3212131935943313 0.03440044442850827 0.3193658171473435
223 218 0.3204176882544276 0.03800342523037018 0.3181559910123825
224 218 0.3196653945196838 0.04160640603223222 0.3169461648774223
225 218 0.3190574368193854 0.04586475383326409 0.3157436814024474
226 218 0.3186683069518772 0.05105631321007082 0.3145516535276376
200 219 0.3195114113059031 -0.0869390228427199 0.3074559289749394
201 219 0.3174917787950069 -0.07948830670338371 0.3073802835248976
202 219 0.3156351612805385 -0.07203759056404746 0.307304638074856
203 219 0.3139444509100474 -0.06458687442471091 0.3072289926248137
204 219 0.3136643060597298 -0.05858685373171856 0.3081442478219414
205 219 0.3149437719516673 -0.05429743011669783 0.3102279300351052
206 219 0.3162899680030732 -0.05000800650167733 0.3123116122482693
207 219 0.3177020459497471 -0.04571858288665662 0.3143952944614329
208 219 0.3191791313901243 -0.04142915927163591 0.3164789766745962
209 219 0.3207203261445746 -0.03713973565661519 0.3185626588877596
210 219 0.3223247105988614 -0.03285031204159448 0.3206463411009233
211 219 0.3215278981948087 -0.02699485187361794 0.3203926767107712
212 219 0.3207301604174131 -0.02107120883237777 0.3200372477692587
213 219 0.3200404881236322 -0.01514756579113761 0.3196818188277462
214 219 0.3194595812128208 -0.009223922749897686 0.3193263898862334
215 219 0.3189880339012021 -0.003300279708657651 0.3189709609447215
216 219 0.3186263317255224 0.002623363332582515 0.318615532003209
217 219 0.3183748490675667 0.008547006373822681 0.3182601030616966
218 219 0.3182338472286606 0.01447064941506271 0.3179046741201847
219 219 0.3182034730771138 0.02039429245630264 0.3175492451786719
220 219 0.3182837582848764 0.0263179354975428 0.3171938162371594
221 219 0.3174945404391106 0.03013146964358916 0.3160615094340966
222 219 0.3166537472116124 0.03373445044545107 0.3148516832991356
223 219 0.3158564521068713 0.03733743124731298 0.3136418571641745
224 219 0.3151029853108284 0.04094041204917502 0.3124320310292143
225 219 0.3144443618420226 0.04487414885444456 0.3112259106482396
226 219 0.3140502883429111 0.05006570823125128 0.3100338827734298
200 220 0.3132573417240406 -0.08454549115317503 0.3016325945080882
201 220 0.3112558398803654 -0.07709477501383884 0.3015569490580464
202 220 0.3094208644576141 -0.0696440588745026 0.3014813036080049
203 220 0.3077553941853958 -0.06219334273516605 0.3014056581579624
204 220 0.3087989247064729 -0.05771176097367417 0.3033580863355902
205 220 0.3100784096048165 -0.05342233735865346 0.3054417685487539
206 220 0.3114256670206553 -0.04913291374363297 0.307525450761918
207 220 0.3128398213599042 -0.04484349012861226 0.3096091329750817
208 220 0.3143199696976988 -0.04055406651359154 0.311692815188245
209 220 0.3158651842892104 -0.03626464289857083 0.3137764974014083
210 220 0.3174745150628328 -0.03197521928355012 0.315860179614572
211 220 0.3173939896579438 -0.02657088607018318 0.316279832876572
212 220 0.3165983854134744 -0.02064724302894302 0.3159244039350595
213 220 0.3159122700609708 -0.01472359998770285 0.315568974993547
214 220 0.3153363582858112 -0.008799956946462934 0.3152135460520342
215 220 0.3148712547884687 -0.002876313905222894 0.3148581171105224
216 220 0.3145174511539808 0.003047329136017268 0.3145026881690099
217 220 0.3142753232787353 0.008970972177257433 0.3141472592274974
218 220 0.3141451293856645 0.01489461521849747 0.3137918302859856
219 220 0.3141270086521414 0.02081825825973739 0.3134364013444728
220 220 0.3138246897052085 0.02586249485866992 0.3127572017208487
221 220 0.3129376639050596 0.02946547566053197 0.3115473755858885
222 220 0.3120944046470748 0.03306845646239388 0.3103375494509275
223 220 0.3112952676054344 0.03667143726425579 0.3091277233159665
224 220 0.3105405934091986 0.04027441806611783 0.3079178971810063
225 220 0.3098316454146366 0.04388354387562507 0.3067081398940321
226 220 0.3094324812662349 0.04907510325243179 0.3055161120192223
200 221 0.3070049881840007 -0.08215195946363023 0.2958092600412375
201 221 0.305022370578568 -0.07470124332429404 0.2957336145911957
202 221 0.3032099406736632 -0.0672505271849578 0.2956579691411541
203 221 0.3027237637251455 -0.06112609183065058 0.2964882426360759
204 221 0.3039335472797192 -0.05683666821562986 0.2985719248492392
205 221 0.305213051773967 -0.05254724460060915 0.3006556070624029
206 221 0.3065614042200233 -0.04825782098558865 0.3027392892755669
207 221 0.3079777003527295 -0.04396839737056794 0.3048229714887307
208 221 0.3094610073091401 -0.03967897375554723 0.306906653701894
209 221 0.311010366303197 -0.03538955014052651 0.3089903359150573
210 221 0.3126247952807634 -0.0311001265255058 0.3110740181282209
211 221 0.3132601003754177 -0.02614692026674852 0.3121669890423731
212 221 0.3124666861511357 -0.02022327722550836 0.3118115601008606
213 221 0.3117842221385697 -0.01429963418426819 0.3114561311593481
214 221 0.3112134382510793 -0.008375991143028274 0.3111007022178354
215 221 0.3107549498797876 -0.002452348101788237 0.3107452732763235
216 221 0.3104092546216122 0.003471294939451928 0.310389844334811
217 221 0.3101767296041491 0.009394937980692093 0.3100344153932985
218 221 0.3100576294406112 0.01531858102193213 0.3096789864517867
219 221 0.310052084840534 0.02124222406317205 0.3093235575102739
220 221 0.3092711634600164 0.02519650087561272 0.3082430678726408
221 221 0.3083809684089474 0.02879948167747477 0.3070332417376805
222 221 0.3075351705181678 0.03240246247933668 0.3058234156027195
223 221 0.3067341370540744 0.03600544328119859 0.3046135894677585
224 221 0.3059782195889901 0.03960842408306064 0.3034037633327983
225 221 0.3052677532777736 0.04321140488492269 0.3021939371978382
226 221 0.3048148953357023 0.04808449827361225 0.3009983412650145
200 222 0.3007544577096528 -0.07975842777408521 0.289985925574386
201 222 0.2987915254548391 -0.07230771163474901 0.2899102801243442
202 222 0.2970026015399165 -0.06485699549541278 0.2898346346743026
203 222 0.2978595088902286 -0.06025099907260628 0.2917020811497254
204 222 0.2990681739711035 -0.05596157545758557 0.2937857633628886
205 222 0.3003476986785844 -0.05167215184256486 0.2958694455760524
206 222 0.3016971814479918 -0.04738272822754436 0.2979531277892165
207 222 0.3031156879127706 -0.04309330461252366 0.3000368100023801
208 222 0.3046022537622311 -0.03880388099750294 0.3021204922155434
209 222 0.3061558875936541 -0.03451445738248222 0.3042041744287067
210 222 0.3077755737424839 -0.03022503376746151 0.3062878566418704
211 222 0.3091262311196846 -0.02572295446331378 0.3080541452081743
212 222 0.3083350656752162 -0.01979931142207361 0.3076987162666618
213 222 0.3076563512051136 -0.01387566838083344 0.3073432873251494
214 222 0.307090833308279 -0.007952025339593525 0.3069878583836365
215 222 0.306639138272217 -0.002028382298353489 0.3066324294421247
216 222 0.3063017696519351 0.003895260742886677 0.3062770005006122
217 222 0.306079105488616 0.009818903784126842 0.3059215715590997
218 222 0.3059713962035355 0.01574254682536688 0.3055661426175879
219 222 0.3056560301970578 0.02092752609069355 0.3049387601593934
220 222 0.3047179205954652 0.0245305068925556 0.3037289340244332
221 222 0.3038244620962811 0.02813348769441765 0.302519107889473
222 222 0.3029760497201639 0.03173646849627956 0.301309281754512
223 222 0.3021730628958293 0.03533944929814147 0.300099455619551
224 222 0.3014158646712704 0.03894243010000352 0.2988896294845908
225 222 0.3007048009445199 0.04254541090186557 0.2976798033496306
226 222 0.3001975407562078 0.04709389329479281 0.2964805705108072
200 223 0.2945058663781081 -0.07736489608454041 0.2841625911075353
201 223 0.2925634721738413 -0.06991417994520421 0.2840869456574934
202 223 0.2918607163116253 -0.06366532992958239 0.2848322374502094
203 223 0.2929952955372415 -0.05937590631456197 0.2869159196633743
204 223 0.2942028049849357 -0.05508648269954126 0.2889996018765376
205 223 0.2954823505525873 -0.05079705908452054 0.2910832840897014
206 223 0.2968330006724139 -0.04650763546950004 0.2931669663028654
207 223 0.2982537893494824 -0.04221821185447933 0.2952506485160291
208 223 0.2997437192127475 -0.03792878823945862 0.2973343307291924
209 223 0.3013017645595269 -0.03363936462443791 0.2994180129423557
210 223 0.3029268743754968 -0.0293499410094172 0.3015016951555194
211 223 0.3046179753136062 -0.02506051739439669 0.3035853773686834
212 223 0.3042035271958913 -0.01937534561863895 0.3035858724324629
213 223 0.3035286644815433 -0.01345170257739878 0.3032304434909504
214 223 0.3029685563201271 -0.007528059536158867 0.3028750145494377
215 223 0.3025238400997189 -0.00160441649491883 0.3025195856079258
216 223 0.3021950252599854 0.004319226546321335 0.3021641566664133
217 223 0.301982490400207 0.0102428695875615 0.3018087277249009
218 223 0.3018864811116331 0.01616651262880153 0.301453298783389
219 223 0.3011071001779332 0.02026153210763628 0.3004246263111849
220 223 0.3001649740074709 0.02386451290949834 0.2992148001762247
221 223 0.2992681536082955 0.02746749371136038 0.2980049740412645
222 223 0.2984170474473625 0.0310704745132223 0.2967951479063035
223 223 0.2976120477234671 0.03467345531508421 0.2955853217713425
224 223 0.2968535295275777 0.03827643611694625 0.2943754956363823
225 223 0.296141850024066 0.0418794169188083 0.293165669501422
226 223 0.2955804283697719 0.04610328831597328 0.2919627997565993
200 224 0.2882593402936596 -0.07497136439499554 0.2783392566406842
201 224 0.2863383929090219 -0.06752064825565934 0.2782636111906423
202 224 0.2869989870135659 -0.06279023717153802 0.2800460759638581
203 224 0.2881311257670715 -0.0585008135565176 0.2821297581770231
204 224 0.2893374405392691 -0.05421138994149689 0.2842134403901864
205 224 0.29061700764556 -0.04992196632647618 0.2862971226033501
206 224 0.2919688639922641 -0.04563254271145568 0.2883808048165141
207 224 0.2933920103241325 -0.04134311909643497 0.2904644870296779
208 224 0.2948854144853004 -0.03705369548141425 0.2925481692428411
209 224 0.2964480146726033 -0.03276427186639354 0.2946318514560045
210 224 0.298078722661511 -0.02847484825137283 0.2967155336691681
211 224 0.2997764269864081 -0.02418542463635233 0.2987992158823322
212 224 0.3000720741000679 -0.01895137981520419 0.2994730285982638
213 224 0.2994011695866739 -0.01302773677396403 0.2991175996567513
214 224 0.2988466208579991 -0.007104093732724112 0.2987621707152385
215 224 0.2984090766043261 -0.001180450691484075 0.2984067417737266
216 224 0.2980890520543704 0.004743192349756091 0.2980513128322141
217 224 0.2978869259681007 0.01066683539099625 0.2976958838907017
218 224 0.2975504085251117 0.01599255732271725 0.2971203185979384
219 224 0.2965586024111822 0.01959553812457916 0.2959104924629774
220 224 0.2956123373855661 0.02319851892644121 0.2947006663280172
221 224 0.2947120521202226 0.02680149972830326 0.2934908401930571
222 224 0.2938581692162702 0.03040448053016517 0.292281014058096
223 224 0.2930510942911394 0.03400746133202708 0.291071187923135
224 224 0.2922912150838642 0.03761044213388913 0.2898613617881748
225 224 0.2915789005827413 0.04121342293575118 0.2886515356532146
226 224 0.2909635697060098 0.04511268333715373 0.2874450290023916
200 225 0.2820150166896702 -0.07257783270545068 0.272515922173833
201 225 0.2810841487917538 -0.06620456802851438 0.2731762322643436
202 225 0.2821373878554704 -0.06191514441349365 0.2752599144775069
203 225 0.283267001824889 -0.05762572079847323 0.2773435966906719
204 225 0.2844720808670743 -0.05333629718345252 0.2794272789038352
205 225 0.2857516702240849 -0.04904687356843181 0.2815109611169989
206 225 0.2871047736487404 -0.04475744995341131 0.2835946433301629
207 225 0.2885303568794168 -0.0404680263383906 0.2856783255433266
208 225 0.2900273511292713 -0.03617860272336988 0.2877620077564899
209 225 0.291594656566592 -0.03188917910834917 0.2898456899696532
210 225 0.2932311457644722 -0.02759975549332846 0.2919293721828169
211 225 0.294935667099676 -0.02331033187830795 0.2940130543959809
212 225 0.295940709963712 -0.01852741401176944 0.2953601847640646
213 225 0.2952738745649557 -0.01260377097052928 0.2950047558225521
214 225 0.2947250412513352 -0.006680127929289357 0.2946493268810393
215 225 0.2942948702132385 -0.0007564848880493194 0.2942938979395275
216 225 0.2939838823477864 0.005167158153190845 0.293938468998015
217 225 0.2937924561317944 0.01109080119443101 0.2935830400565025
218 225 0.29300730860782 0.01532656333966013 0.2926061847497309
219 225 0.2920105570957211 0.01892954414152204 0.2913963586147699
220 225 0.2910600252748217 0.02253252494338409 0.2901865324798096
221 225 0.2901561673831476 0.02613550574524614 0.2889767063448495
222 225 0.28929942089096 0.02973848654710805 0.2877668802098884
223 225 0.2884902055271259 0.03334146734896996 0.2865570540749275
224 225 0.2877289223248041 0.036944448150832 0.2853472279399673
225 225 0.2870159526910896 0.04054742895269405 0.284137401805007
226 225 0.2863516575052864 0.04415040975455597 0.2829275756700461
200 226 0.2757730451783454 -0.07018430101590588 0.2666925877069823
201 226 0.2762266649534958 -0.06532947527047005 0.2683900707779925
202 226 0.2772759256827406 -0.06104005165544934 0.2704737529911558
203 226 0.2784029261127488 -0.05675062804042892 0.2725574352043208
204 226 0.2796067262175371 -0.05246120442540819 0.2746411174174841
205 226 0.280886338573214 -0.04817178081038748 0.2767247996306478
206 226 0.282240732037516 -0.04388235719536698 0.2788084818438119
207 226 0.2836688354721198 -0.03959293358034628 0.2808921640569755
208 226 0.2851695414804553 -0.03530350996532557 0.2829758462701389
209 226 0.2867417101352134 -0.03101408635030485 0.2850595284833022
210 226 0.2883841726714378 -0.02672466273528414 0.2871432106964659
211 226 0.2900957351229796 -0.02243523912026364 0.2892268929096299
212 226 0.2918094385652206 -0.01810344820833479 0.2912473409298657
213 226 0.2911467879165907 -0.01217980516709462 0.2908919119883533
214 226 0.2906038326412299 -0.006256162125854697 0.2905364830468404
215 226 0.2901812446224278 -0.0003325190846146611 0.2901810541053286
216 226 0.2898795502768265 0.005591123956625503 0.2898256251638161
217 226 0.2895131194289449 0.01105758855474096 0.2893018770364834
218 226 0.2884648368285208 0.01466056935660287 0.2880920509015224
219 226 0.2874629857066865 0.01826355015846477 0.2868822247665614
220 226 0.2865080531436619 0.02186653096032682 0.2856723986316012
221 226 0.2856005097698725 0.02546951176218888 0.284462572496641
222 226 0.2847408087108713 0.02907249256405078 0.28325274636168
223 226 0.2839293845478164 0.03267547336591269 0.282042920226719
224 226 0.2831666522985253 0.03627845416777474 0.2808330940917588
225 226 0.2824530064242138 0.0398814349696368 0.2796232679567985
226 226 0.2817888198670598 0.0434844157714987 0.2784134418218375
200 227 0.2704044009480375 -0.06874380612744649 0.2615202270784787
201 227 0.2713694684722184 -0.06445438251242575 0.263603909291642
202 227 0.2724146078292255 -0.06016495889740504 0.2656875915048053
203 227 0.2735389012035348 -0.05587553528238463 0.2677712737179703
204 227 0.2747413768574945 -0.05158611166736392 0.2698549559311336
205 227 0.2760210129980972 -0.0472966880523432 0.2719386381442973
206 227 0.2773767417222809 -0.0430072644373227 0.2740223203574613
207 227 0.278807453009189 -0.03871784082230199 0.2761060025706251
208 227 0.2803119987290986 -0.03442841720728127 0.2781896847837884
209 227 0.2818891966403861 -0.03013899359226056 0.2802733669969516
210 227 0.2835378343478198 -0.02584956997723985 0.2823570492101153
211 227 0.2852566731976142 -0.02156014636221935 0.2844407314232794
212 227 0.2870444520869863 -0.01727072274719864 0.2865244136364431
213 227 0.2870199186302395 -0.01175583936365987 0.2867790681541544
214 227 0.2864830110386247 -0.00583219632241995 0.2864236392126417
215 227 0.2860682248874029 9.144671882008746e-005 0.2860682102711298
216 227 0.2857760919320007 0.006015089760060252 0.2857127813296173
217 227 0.2849772691075792 0.01039159457168384 0.2847877431882759
218 227 0.2839230233358728 0.01399457537354574 0.2835779170533149
219 227 0.2829159110976659 0.01759755617540765 0.2823680909183539
220 227 0.2819564374582242 0.02120053697726971 0.2811582647833937
221 227 0.2810450903252277 0.02480351777913176 0.2799484386484334
222 227 0.2801823393213208 0.02840649858099366 0.2787386125134724
223 227 0.2793686346730622 0.03200947938285557 0.2775287863785115
224 227 0.278604406121808 0.03561246018471762 0.2763189602435512
225 227 0.2778900618621519 0.03921544098657967 0.275109134108591
226 227 0.2772259875135921 0.04281842178844158 0.2738993079736301
200 228 0.2655532765564774 -0.06786871336940216 0.2567340655921276
201 228 0.2665125750591795 -0.06357928975438144 0.2588177478052909
202 228 0.2675534421615571 -0.05928986613936073 0.2609014300184542
203 228 0.2686749298564171 -0.0550004425243403 0.2629851122316192
204 228 0.2698760330730237 -0.0507110189093196 0.2650687944447825
205 228 0.2711556938257838 -0.04642159529429889 0.2671524766579463
206 228 0.2725128054497292 -0.04213217167927838 0.2692361588711103
207 228 0.2739462168876412 -0.03784274806425768 0.271319841084274
208 228 0.2754547369951153 -0.03355332444923696 0.2734035232974373
209 228 0.2770371388317363 -0.02926390083421624 0.2754872055106006
210 228 0.2786921639087304 -0.02497447721919554 0.2775708877237643
211 228 0.2804185263658875 -0.02068505360417504 0.2796545699369283
212 228 0.2822149170531744 -0.01639562998915432 0.2817382521500921
213 228 0.2828932762185846 -0.01133187356022521 0.2826662243199556
214 228 0.2823625933875723 -0.005408230518985291 0.2823107953784428
215 228 0.2819558375218574 0.0005154125222547458 0.2819553664369309
216 228 0.2815500149527214 0.00612261978676459 0.2814834354750282
217 228 0.2804422995899844 0.009725600588626641 0.280273609340068
218 228 0.2793819002344816 0.01332858139048855 0.2790637832051069
219 228 0.278369357612888 0.01693156219235046 0.2778539570701459
220 228 0.2774051957640039 0.02053454299421251 0.2766441309351857
221 228 0.2764899208213377 0.02413752379607456 0.2754343048002255
222 228 0.2756240198070267 0.02774050459793647 0.2742244786652645
223 228 0.2748079594430441 0.03134348539979838 0.2730146525303036
224 228 0.274042184985791 0.03494646620166043 0.2718048263953433
225 228 0.2733271190902837 0.03854944700352248 0.2705950002603831
226 228 0.2726631607101922 0.04215242780538439 0.2693851741254221
200 229 0.2607026881064176 -0.06699362061135779 0.2519479041057764
201 229 0.2616560015911586 -0.06270419699633707 0.2540315863189397
202 229 0.2626924371284065 -0.05841477338131636 0.256115268532103
203 229 0.2638110150340224 -0.05412534976629595 0.258198950745268
204 229 0.2650106951712116 -0.04983592615127522 0.2602826329584313
205 229 0.2662903814072258 -0.04554650253625452 0.262366315171595
206 229 0.2676489261661851 -0.04125707892123402 0.2644499973847591
207 229 0.2690851350387961 -0.03696765530621331 0.2665336795979227
208 229 0.2705977714113906 -0.03267823169119259 0.2686173618110861
209 229 0.2721855610788425 -0.02838880807617188 0.2707010440242493
210 229 0.273847196808415 -0.02409938446115117 0.2727847262374131
211 229 0.2755813428243619 -0.01980996084613066 0.2748684084505771
212 229 0.2773866391860992 -0.01552053723110996 0.2769520906637408
213 229 0.2787668707570418 -0.01090790775679046 0.2785533804857565
214 229 0.2782425976340934 -0.004984264715550536 0.2781979515442437
215 229 0.2778441106050086 0.0009393783256894999 0.2778425226027317
216 229 0.2770230474325379 0.005456625803707399 0.2769693016268201
217 229 0.2759082543081909 0.009059606605569448 0.2757594754918599
218 229 0.2748415017457279 0.01266258740743136 0.2745496493568989
219 229 0.2738233512105412 0.01626556820929326 0.2733398232219378
220 229 0.2728543467756509 0.01986854901115532 0.2721299970869776
221 229 0.2719350138184373 0.02347152981301737 0.2709201709520174
222 229 0.2710658577290225 0.02707451061487928 0.2697103448170564
223 229 0.2702473626368599 0.03067749141674118 0.2685005186820954
224 229 0.2694799901622709 0.03428047221860324 0.2672906925471352
225 229 0.2687641781997882 0.03788345302046528 0.266080866412175
226 229 0.268100339740232 0.04148643382232719 0.264871040277214
200 230 0.2575638185721065 -0.0658031795664327 0.2490161886231352
201 230 0.2580601335310824 -0.06159866493750029 0.2506005526649884
202 230 0.2586335645349974 -0.05739415030856788 0.2521849167068407
203 230 0.2592835999353621 -0.05318963567963538 0.2537692807486922
204 230 0.2601453634821179 -0.04896083339323086 0.2554964714720803
205 230 0.2614250761195006 -0.04467140977821015 0.257580153685244
206 230 0.2627851070360712 -0.04038198616318965 0.259663835898408
207 230 0.2642242159773798 -0.03609256254816894 0.2617475181115717
208 230 0.265741118216191 -0.03180313893314822 0.263831200324735
209 230 0.2673344895178159 -0.02751371531812751 0.2659148825378983
210 230 0.2690029710500243 -0.0232242917031068 0.267998564751062
211 230 0.2707451742040077 -0.0189348680880863 0.2700822469642261
212 230 0.272559685296277 -0.01464544447306559 0.2721659291773897
213 230 0.2744450701249371 -0.01035602085804488 0.2742496113905531
214 230 0.2741230428012118 -0.004560298912115856 0.2740851077100454
215 230 0.2736675709846852 0.001187651018788082 0.2736649939135718
216 230 0.272497281825916 0.004790631820650204 0.2724551677786121
217 230 0.2713751795876666 0.008393612622512255 0.2712453416436519
218 230 0.2703018643846805 0.01199659342437416 0.2700355155086909
219 230 0.2692779195985088 0.01559957422623607 0.2688256893737299
220 230 0.2683039104758614 0.01920255502809812 0.2676158632387697
221 230 0.2673803827318824 0.02280553582996017 0.2664060371038095
222 230 0.2665078611653458 0.02640851663182208 0.2651962109688485
223 230 0.2656868482930184 0.03001149743368399 0.2639863848338875
224 230 0.2649178230106438 0.03361447823554604 0.2627765586989273
225 230 0.2642012392881438 0.03721745903740809 0.2615667325639671
226 230 0.2635375249067079 0.04082043983927 0.2603569064290061
200 231 0.253804143359979 -0.06401111311399935 0.2455995125903135
201 231 0.255089820983223 -0.06037893396807575 0.247841080336032
202 231 0.2556728724194161 -0.05617441933914334 0.2494254443778843
203 231 0.2563333667677715 -0.05196990471021084 0.2510098084197358
204 231 0.2570707071044291 -0.04776539008127843 0.2525941724615881
205 231 0.257884234278107 -0.04356087545234601 0.2541785365034404
206 231 0.2587732297448946 -0.03935636082341359 0.2557629005452927
207 231 0.259736918595271 -0.03515184619448118 0.257347264587145
208 231 0.2608847948558696 -0.03092804617510391 0.2590450388383839
209 231 0.2624839522140646 -0.02663862256008319 0.2611287210515473
210 231 0.2641595274183212 -0.02234919894506249 0.263212403264711
211 231 0.2659100758806547 -0.01805977533004198 0.265296085477875
212 231 0.2677341269933088 -0.01377035171502128 0.2673797676910387
213 231 0.2696301890217632 -0.00948092810000056 0.269463449904202
214 231 0.2700039490708152 -0.00413633310868113 0.2699722638758459
215 231 0.2691513655919067 0.0005216570357309599 0.2691508600653643
216 231 0.2679727790298588 0.004124637837593082 0.2679410339304046
217 231 0.2668431248914864 0.007727618639455132 0.2667312077954444
218 231 0.2657630271550045 0.01133059944131704 0.2655213816604834
219 231 0.2647330923840099 0.01493358024317895 0.2643115555255224
220 231 0.2637539082244681 0.018536561045041 0.2631017293905621
221 231 0.2628260419061101 0.02213954184690305 0.261891903255602
222 231 0.2619500387559696 0.02574252264876496 0.260682077120641
223 231 0.2611264207320784 0.02934550345062686 0.2594722509856799
224 231 0.2603556849855793 0.03294848425248893 0.2582624248507198
225 231 0.2596383024596809 0.03655146505435097 0.2570525987157595
226 231 0.2589747165339693 0.04015444585621288 0.2558427725807986
200 232 0.2499600959493533 -0.06215484696098075 0.242109117065564
201 232 0.2514494445474744 -0.05866217881771828 0.2445108830698369
202 232 0.2527135127781169 -0.05495468836971874 0.246665972048928
203 232 0.2533847065312051 -0.05075017374078625 0.2482503360907794
204 232 0.2541335786009376 -0.04654565911185383 0.2498347001326317
205 232 0.2549594445132342 -0.04234114448292141 0.251419064174484
206 232 0.2558615587106415 -0.03813662985398899 0.2530034282163364
207 232 0.2568391177576834 -0.03393211522505658 0.2545877922581887
208 232 0.2578912637151854 -0.02972760059612416 0.256172156300041
209 232 0.2590170876526287 -0.02552308596719174 0.2577565203418933
210 232 0.2602156332675801 -0.02131857133825933 0.2593408843837456
211 232 0.2614859005816758 -0.01711405670932691 0.2609252484255979
212 232 0.2629100411227198 -0.01289525895697698 0.262593606204688
213 232 0.2648171584436313 -0.008605835341956265 0.2646772884178513
214 232 0.2658729617464334 -0.003747317749188142 0.2658465523521174
215 232 0.2646367655789507 -0.0001443369473262349 0.2646367262171563
216 232 0.2634496041071767 0.003458643854535887 0.2634269000821967
217 232 0.262312143089561 0.007061624656397939 0.2622170739472365
218 232 0.2612250317640308 0.01066460545825984 0.2610072478122755
219 232 0.2601889012388314 0.01426758626012175 0.2597974216773145
220 232 0.2592043628789705 0.0178705670619838 0.2585875955423543
221 232 0.2582720066964026 0.02147354786384586 0.257377769407394
222 232 0.2573923997524996 0.02507652866570776 0.256167943272433
223 232 0.2565660845817025 0.02867950946756967 0.254958117137472
224 232 0.2557935776455135 0.03228249026943172 0.2537482910025118
225 232 0.2550753678261942 0.03588547107129377 0.2525384648675516
226 232 0.2544119149696326 0.03948845187315569 0.2513286387325906
200 233 0.2461195098264821 -0.06029858080796249 0.2386187215408159
201 233 0.2476242862284348 -0.05680591266470002 0.2410204875450888
202 233 0.2491920856778004 -0.05331324452143744 0.2434222535493615
203 233 0.2504376747848716 -0.04953044277136171 0.245490863761823
204 233 0.251198343856425 -0.0453259281424293 0.2470752278036753
205 233 0.2520368291859989 -0.04112141351349687 0.2486595918455276
206 233 0.2529523569398358 -0.03691689888456446 0.2502439558873799
207 233 0.2539440938515166 -0.03271238425563204 0.2518283199292323
208 233 0.2550111507916501 -0.02850786962669963 0.2534126839710846
209 233 0.2561525864781762 -0.02430335499776721 0.2549970480129369
210 233 0.2573674112940514 -0.02009884036883479 0.2565814120547892
211 233 0.2586545911796412 -0.01589432573990237 0.2581657760966415
212 233 0.2600130515681421 -0.01168981111096996 0.2597501401384938
213 233 0.2614416813337371 -0.00748529648203754 0.2613345041803461
214 233 0.2621819038120016 -0.003755945561540964 0.2621549991120223
215 233 0.2609407107004908 -0.0001565683302253958 0.2609406637288163
216 233 0.2597491454635049 0.003442808901090229 0.2597263283456099
217 233 0.2586078941001564 0.007042186132405891 0.2585119929624045
218 233 0.25751762554545 0.01064156336372146 0.2572976575791985
219 233 0.256478989969878 0.0142409405950371 0.2560833221959942
220 233 0.2554926170736109 0.01784031782635276 0.2548689868127888
221 233 0.254559114384123 0.02143969505766832 0.2536546514295829
222 233 0.2536790655664918 0.02503907228898397 0.2524403160463786
223 233 0.2528530287560335 0.02863844952029954 0.2512259806631726
224 233 0.2520815349232531 0.03223782675161519 0.2500116452799672
225 233 0.2513650862812485 0.03583720398293087 0.2487973098967617
226 233 0.2507041547458835 0.03943658121424642 0.2475829745135558
200 234 0.2422825495931264 -0.05844231465494422 0.2351283260160678
201 234 0.2438032162768782 -0.05494964651168174 0.2375300920203406
202 234 0.2453876873805024 -0.05145697836841916 0.2399318580246133
203 234 0.2470347351899092 -0.04796431022515658 0.242333624028886
204 234 0.2482650700405649 -0.04410619717300476 0.2443157554747189
205 234 0.2491164648274215 -0.03990168254407234 0.2459001195165712
206 234 0.250045710619761 -0.03569716791513992 0.2474844835584235
207 234 0.2510519429439547 -0.03149265328620751 0.2490688476002758
208 234 0.2521342400743941 -0.02728813865727509 0.2506532116421282
209 234 0.2532916269544132 -0.02308362402834267 0.2522375756839804
210 234 0.2545230792244569 -0.01887910939941025 0.2538219397258328
211 234 0.2558275273225084 -0.01467459477047784 0.2554063037676851
212 234 0.2572038606229743 -0.01047008014154542 0.2569906678095374
213 234 0.2581692883047846 -0.006648839974773856 0.2580836576592731
214 234 0.2587889419403731 -0.003144918039382123 0.2587698320151392
215 234 0.2579971309660882 0.0004322957882132495 0.2579967687919451
216 234 0.2568140815739077 0.004031673019528875 0.2567824334087387
217 234 0.2556820010409796 0.007631050250844538 0.2555680980255333
218 234 0.2546015692640983 0.01123042748216011 0.2543537626423273
219 234 0.2535734464428732 0.01482980471347574 0.253139427259123
220 234 0.2525982713001888 0.0184291819447914 0.2519250918759176
221 234 0.2516766593081747 0.02202855917610697 0.2507107564927117
222 234 0.250809200929622 0.02562793640742261 0.2494964211095073
223 234 0.2499964598852145 0.02922731363873818 0.2482820857263014
224 234 0.2492389714572673 0.03282669087005385 0.247067750343096
225 234 0.2485372408408159 0.03642606810136951 0.2458534149598906
226 234 0.247859502441119 0.03922058337939768 0.2447367540639101
200 235 0.2384493902851576 -0.05658604850192574 0.2316379304913189
201 235 0.2399864299781519 -0.05309338035866327 0.2340396964955918
202 235 0.2415880705692022 -0.04960071221540068 0.2364414624998644
203 235 0.2432530360148413 -0.0461080440721381 0.2388432285041371
204 235 0.2449800351884253 -0.04261537592887552 0.2412449945084099
205 235 0.2461984315393491 -0.0386819515746478 0.2431406471876148
206 235 0.2471417099147948 -0.03447743694571538 0.2447250112294671
207 235 0.2481627654829499 -0.03027292231678297 0.2463093752713194
208 235 0.249260642440893 -0.02606840768785055 0.2478937393131717
209 235 0.2504343304607255 -0.02186389305891813 0.249478103355024
210 235 0.2516827689412627 -0.01765937842998571 0.2510624673968763
211 235 0.2530048513288515 -0.0134548638010533 0.2526468314387286
212 235 0.2540459637777244 -0.009534434979002065 0.2538669853710482
213 235 0.2546245828951421 -0.006030513043610334 0.2545531597269143
214 235 0.2552518390250094 -0.002526591108218602 0.2552393340827804
215 235 0.2550549180652807 0.001021159906651848 0.2550528738550737
216 235 0.253880588027082 0.004620537137967475 0.2538385384718672
217 235 0.2527578979545838 0.008219914369283135 0.2526242030886618
218 235 0.2516875388922042 0.01181929160059871 0.2514098677054559
219 235 0.250670181199446 0.01541866883191434 0.2501955323222516
220 235 0.2497064726939677 0.01901804606323001 0.2489811969390461
221 235 0.2487970368025221 0.02261742329454557 0.2477668615558402
222 235 0.2479424707304521 0.02621680052586121 0.2465525261726358
223 235 0.2471433436608769 0.02981617775717678 0.24533819078943
224 235 0.2463988684025233 0.03332828411984348 0.2441344462128828
225 235 0.2456744413250986 0.03560710734503681 0.2430803674238591
226 235 0.2449736069978262 0.03788593057023018 0.2420262886348363
200 236 0.2346202181980091 -0.05472978234890747 0.2281475349665708
201 236 0.2361741350153885 -0.05123711420564499 0.2305493009708436
202 236 0.2377934644489812 -0.04774444606238242 0.2329510669751163
203 236 0.2394768795529691 -0.04425177791911984 0.235352832979389
204 236 0.241223038633548 -0.04075910977585726 0.2377545989836617
205 236 0.2430305892602278 -0.03726644163259467 0.2401563649879344
206 236 0.2442404491934535 -0.03325770597629085 0.2419655389005107
207 236 0.2452766665435191 -0.02905319134735843 0.243549902942363
208 236 0.2463904738104649 -0.02484867671842601 0.2451342669842153
209 236 0.2475808238207357 -0.02064416208949359 0.2467186310260676
210 236 0.2488466181573039 -0.01643964746056118 0.2483029950679199
211 236 0.24995906858351 -0.01242002998323018 0.249650313082823
212 236 0.2504952173712337 -0.008916108047838503 0.2503364874386889
213 236 0.2510809998644648 -0.005412186112446774 0.2510226617945551
214 236 0.2517160695473553 -0.001908264177055042 0.2517088361504212
215 236 0.2521141198515862 0.00161002402509055 0.2521089789182023
216 236 0.2509487198931346 0.005209401256406176 0.2508946435349959
217 236 0.2498356476910747 0.008808778487721838 0.2496803081517905
218 236 0.248775605621184 0.01240815571903741 0.2484659727685845
219 236 0.2477692743277668 0.01600753295035304 0.2472516373853802
220 236 0.2468173107854904 0.01960691018166871 0.2460373020021748
221 236 0.2459203463717607 0.02320628741298428 0.2448229666189689
222 236 0.2450789849611455 0.02680566464429992 0.2436086312357646
223 236 0.2442919957627822 0.02971480808548258 0.2424780595728326
224 236 0.2435346606582816 0.03199363131067591 0.2414239807838089
225 236 0.2428009285915025 0.03427245453586925 0.2403699019947852
226 236 0.2420910141715675 0.03655127776106261 0.2393158232057624
200 237 0.2307952317902159 -0.0528735161958892 0.2246571394418226
201 237 0.2323665524484441 -0.04938084805262673 0.2270589054460954
202 237 0.2340041127797714 -0.04588817990936414 0.2294606714503681
203 237 0.2357065321969608 -0.04239551176610157 0.2318624374546409
204 237 0.2374724157964085 -0.03890284362283898 0.2342642034589136
205 237 0.2393003586070113 -0.0354101754795764 0.2366659694631862
206 237 0.2411889496144103 -0.03191750733631382 0.2390677354674589
207 237 0.2423937560903741 -0.02783346037793389 0.2407904306134066
208 237 0.2435238554256814 -0.02362894574900147 0.2423747946552589
209 237 0.2447312396007926 -0.01942443112006906 0.2439591586971112
210 237 0.2459104190349583 -0.01530562498745836 0.2454336407945986
211 237 0.2464026047034164 -0.01180170305206663 0.2461198151504647
212 237 0.2469454385641882 -0.008297781116674962 0.2468059895063307
213 237 0.2475385874142503 -0.004793859181283232 0.2474921638621968
214 237 0.2481816904986698 -0.0012899372458915 0.2481783382180629
215 237 0.2488743605654568 0.002213984689500154 0.2488645125739298
216 237 0.2480185348148945 0.005798265374844843 0.2479507485981236
217 237 0.2469153160351054 0.009397642606160505 0.2467364132149182
218 237 0.2458658439626316 0.01299701983747607 0.2455220778317122
219 237 0.2448708096444969 0.01659639706879171 0.2443077424485079
220 237 0.2439308792633637 0.02019577430010737 0.2430934070653025
221 237 0.2430466921276572 0.02379515153142294 0.2418790716820965
222 237 0.2422320327475012 0.02610133205112165 0.2408216729327815
223 237 0.2414413643413115 0.02838015527631501 0.2397675941437587
224 237 0.2406742931344585 0.03065897850150835 0.238713515354735
225 237 0.2399310454512272 0.03293780172670168 0.2376594365657113
226 237 0.239211843355711 0.03521662495189505 0.2366053577766885
200 238 0.2269746426736182 -0.05101725004287042 0.2211667439170724
201 238 0.2285639177849015 -0.04752458189960795 0.2235685099213453
202 238 0.2302202750214372 -0.04403191375634535 0.225970275925618
203 238 0.2319422772374748 -0.04053924561308278 0.2283720419298908
204 238 0.233728473512881 -0.03704657746982019 0.2307738079341634
205 238 0.2355774036545397 -0.03355390932655762 0.2331755739384361
206 238 0.2374876024468705 -0.03006124118329503 0.2355773399427088
207 238 0.2394576036393669 -0.02656857304003246 0.2379791059469815
208 238 0.2406609141522052 -0.02240921477957688 0.2396153223263025
209 238 0.2418857164275542 -0.01820470015064446 0.2411996863681549
210 238 0.2423486068679241 -0.01468729805629484 0.2419031428622398
211 238 0.2428469574234118 -0.01118337612090311 0.2425893172181059
212 238 0.2433966696919763 -0.00767945418551144 0.2432754915739719
213 238 0.2439973965288024 -0.00417553225011971 0.243961665929838
214 238 0.2446487621404903 -0.0006716103147279785 0.2446478402857041
215 238 0.2453503632140518 0.002832311620663675 0.245334014641571
216 238 0.2450900931579043 0.006387129493283442 0.2450068536612521
217 238 0.2439969718765219 0.009986506724599104 0.2437925182780467
218 238 0.2429583319407392 0.01358588395591467 0.2425781828948407
219 238 0.2419748749099662 0.01718526118723031 0.2413638475116364
220 238 0.2410679330949112 0.02020903279156757 0.2402193650817559
221 238 0.2402201861536935 0.02248785601676091 0.2391652862927322
222 238 0.2393957717662273 0.02476667924195414 0.2381112075037077
223 238 0.2385949317947705 0.0270455024671475 0.2370571287146849
224 238 0.2378179043964618 0.02932432569234084 0.2360030499256612
225 238 0.2370649237227397 0.03160314891753418 0.2349489711366375
226 238 0.2363362196164245 0.03388197214272754 0.2338948923476147
200 239 0.2247015731549906 -0.04895674350520968 0.2193035208191896
201 239 0.2261034972694418 -0.04549239757922412 0.2214796452046244
202 239 0.2275703416455878 -0.04202805165323872 0.2236557695900606
203 239 0.2291008593086857 -0.03856370572725331 0.2258318939754968
204 239 0.2306937829577095 -0.03509935980126808 0.2280080183609337
205 239 0.2323478290726438 -0.03163501387528268 0.2301841427463699
206 239 0.2340617018528958 -0.02817066794929728 0.2323602671318061
207 239 0.2358340969704101 -0.02470632202331187 0.2345363915172423
208 239 0.2378017827984181 -0.02118948381015234 0.2368558499973461
209 239 0.2383351943470559 -0.01757289306052297 0.2376864705740155
210 239 0.2387874657501669 -0.0140689711251313 0.2383726449298815
211 239 0.2392921631451338 -0.01056504918973957 0.2390588192857476
212 239 0.2398489555831324 -0.007061127254347897 0.2397449936416136
213 239 0.2404574811776783 -0.003557205318956168 0.2404311679974797
214 239 0.2411173482407674 -5.328338356443748e-005 0.2411173423533458
215 239 0.2418281364923402 0.003450638551827217 0.2418035167092128
216 239 0.2421634581708657 0.006975993611722123 0.2420629587243819
217 239 0.2410806873928471 0.01057537084303778 0.2408486233411765
218 239 0.2400531512979884 0.01417474807435335 0.2396342879579705
219 239 0.2391395140646117 0.01659555675720654 0.238562978441704
220 239 0.2382576748689272 0.0188743799823999 0.2375088996526812
221 239 0.2373991160800859 0.02115320320759324 0.2364548208636575
222 239 0.2365640911720008 0.02343202643278647 0.235400742074633
223 239 0.2357528502123238 0.02571084965797984 0.2343466632856102
224 239 0.2349656395501351 0.02798967288317317 0.2332925844965865
225 239 0.2342027015000977 0.03026849610836651 0.2322385057075628
226 239 0.2334642740237882 0.03254731933355987 0.23118442691854
200 240 0.2223258932935538 -0.04638759911645114 0.2174327332233767
201 240 0.2238958743338556 -0.0434284742395982 0.2196436435887508
202 240 0.2253910845973928 -0.0399641283136128 0.2218197679741871
203 240 0.2269502013841981 -0.0364997823876274 0.2239958923596233
204 240 0.2285719169555591 -0.03303543646164217 0.2261720167450602
205 240 0.2302549086408825 -0.02957109053565676 0.2283481411304965
206 240 0.2319978428903485 -0.02610674460967136 0.2305242655159326
207 240 0.2337993791232134 -0.02264239868368595 0.2327003899013689
208 240 0.2350311843178528 -0.02013720859955427 0.2341669285609531
209 240 0.2357288709391238 -0.0181339313355029 0.2350303408680534
210 240 0.2359817774706281 -0.01439504423650485 0.2355423146689913
211 240 0.2362946905666392 -0.01065615713750688 0.2360542884699292
212 240 0.2366673722117047 -0.006917270038508881 0.2365662622708655
213 240 0.2370995405668833 -0.003178382939510969 0.2370782360718018
214 240 0.2375908710205114 0.0005605041594870033 0.2375902098727397
215 240 0.238307758910902 0.004068965482990777 0.2382730187768535
216 240 0.2390791597075985 0.007572887418382525 0.2389591931327186
217 240 0.2382012604270322 0.01070325749765257 0.2379606705906792
218 240 0.2372620232126715 0.01298208072284574 0.2369065918016546
219 240 0.2363457278727164 0.01526090394803897 0.2358525130126301
220 240 0.2354526422514071 0.01753972717323234 0.2347984342236073
221 240 0.2345830314354043 0.01981855039842568 0.2337443554345836
222 240 0.2337371574364004 0.0220973736236189 0.2326902766455591
223 240 0.2329152788681852 0.02437619684881227 0.2316361978565363
224 240 0.2321176506188407 0.02665502007400561 0.2305821190675126
225 240 0.2313445235188121 0.02893384329919894 0.2295280402784889
226 240 0.2305961440056033 0.03121266652439231 0.2284739614894661
200 241 0.2199029569023304 -0.04356476128294057 0.2155444780752887
201 241 0.2217006878043943 -0.04136455089997228 0.2178076419728774
202 241 0.223224736528592 -0.03790020497398688 0.2199837663583136
203 241 0.2248129120928081 -0.03443585904800147 0.2221598907437498
204 241 0.2264638653496622 -0.03097151312201624 0.2243360151291867
205 241 0.2281762336323448 -0.02750716719603084 0.226512139514623
206 241 0.2299486449193525 -0.02404282127004544 0.2286882639000592
207 241 0.2314850949680348 -0.02103385801227067 0.2305274951268931
208 241 0.2322421022523243 -0.01927658806351983 0.2314407207282427
209 241 0.2330134821896395 -0.01751931811476899 0.2323539463295921
210 241 0.2336911565867488 -0.01536021802920901 0.233185806534076
211 241 0.2339865548831853 -0.01162133093021104 0.2336977803350139
212 241 0.2343423603473654 -0.007882443831213049 0.2342097541359502
213 241 0.2347582983156737 -0.004143556732215135 0.2347217279368865
214 241 0.2352340498116542 -0.0004046696332171635 0.2352337017378244
215 241 0.23576925274797 0.00333421746578088 0.2357456755387616
216 241 0.2363635032734629 0.007073104564778802 0.2362576493396986
217 241 0.2356397845514376 0.00956753564920939 0.2354454720844065
218 241 0.2345345217089029 0.011694936004875 0.2342427594293274
219 241 0.2335576049334213 0.01392625113887141 0.2331420475835562
220 241 0.2326530242535377 0.01620507436406478 0.2320879687945334
221 241 0.2317721139420533 0.01848389758925811 0.2310338900055097
222 241 0.2309151448969708 0.02076272081445134 0.2299798112164852
223 241 0.2300823846346803 0.02304154403964471 0.2289257324274624
224 241 0.229274096945867 0.02532036726483804 0.2278716536384387
225 241 0.228490541546636 0.02759919049003137 0.226817574849415
226 241 0.227731973725645 0.02987801371522475 0.2257634960603921
200 242 0.2175060595061129 -0.04074192344942994 0.2136562229272003
201 242 0.219449407511361 -0.03902072624281076 0.2159523683143368
202 242 0.2210716769364621 -0.03583628163436065 0.2181477647424384
203 242 0.222689376356258 -0.03237193570837525 0.2203238891278745
204 242 0.2243700175167144 -0.02890758978239003 0.2225000135133115
205 242 0.2261121969267327 -0.02544324385640462 0.2246761378987477
206 242 0.2279145033947773 -0.02197889793041921 0.2268522622841839
207 242 0.228692776456014 -0.02017323747623641 0.2278012872941849
208 242 0.2294547368633191 -0.01841596752748556 0.2287145128955344
209 242 0.2302312109428543 -0.01665869757873472 0.229627738496884
210 242 0.2310220523516191 -0.01490142762998378 0.2305409640982326
211 242 0.2316834140034607 -0.01258650472291528 0.2313412722000962
212 242 0.2320219989975828 -0.008847617623917283 0.2318532460010325
213 242 0.2324213727289156 -0.005108730524919367 0.2323652198019688
214 242 0.2328812224533726 -0.001369843425921398 0.2328771936029067
215 242 0.2334011907197227 0.002369043673076646 0.2333891674038438
216 242 0.2339808767297347 0.006107930772074569 0.2339011412047809
217 242 0.2333639689965154 0.008708068355876059 0.2332014398997485
218 242 0.2322516239455502 0.01083546871154167 0.2319987272446693
219 242 0.2311597636373849 0.01296286906720724 0.2307960145895897
220 242 0.2300886796964279 0.01509026942287277 0.2295933019345088
221 242 0.2290386636007279 0.01721766977853837 0.2283905892794285
222 242 0.2280982362076819 0.01942806800528367 0.2272693457874105
223 242 0.2272543424228536 0.02170689123047704 0.2262152669983877
224 242 0.2264351456240872 0.02398571445567037 0.2251611882093639
225 242 0.2256409148012166 0.0262645376808637 0.2241071094203403
226 242 0.2248719144882902 0.02854336090605707 0.2230530306313175
200 243 0.215136071432111 -0.03791908561591929 0.2117679677791118
201 243 0.2171030439006892 -0.03619788840930013 0.2140641131662485
202 243 0.2189322978724493 -0.03377235829473459 0.2163117631265645
203 243 0.2205799913936006 -0.03030801236874919 0.2184878875120007
204 243 0.2222907748305424 -0.02684366644276396 0.2206640118974377
205 243 0.2240632030619844 -0.02337932051677856 0.2228401362828739
206 243 0.2251498986442628 -0.0210698868889529 0.2241618538601262
207 243 0.2259021216537556 -0.01931261694020196 0.2250750794614748
208 243 0.2266691514810924 -0.01755534699145112 0.2259883050628244
209 243 0.2274508383277409 -0.01579807704270027 0.2269015306641739
210 243 0.2282470316042882 -0.01404080709394933 0.2278147562655226
211 243 0.2290575800397997 -0.01228353714519839 0.2287279818668712
212 243 0.2297064290928214 -0.00981279141662145 0.2294967378661171
213 243 0.2300888953348192 -0.006073904317623536 0.2300087116670534
214 243 0.2305325112300734 -0.002335017218625565 0.2305206854679914
215 243 0.2310369245369966 0.001403869880372478 0.2310326592689285
216 243 0.2316017380176746 0.005142756979370401 0.2315446330698656
217 243 0.2310907283235589 0.007848601062542716 0.2309574077150893
218 243 0.2299711732074573 0.009976001418208329 0.2297546950600101
219 243 0.228872237276004 0.0121034017738739 0.2285519824049305
220 243 0.2277942189456088 0.01423080212953942 0.2273492697498496
221 243 0.2267374165733673 0.01635820248520502 0.2261465570947693
222 243 0.2257021281771568 0.01848560284087059 0.2249438444396897
223 243 0.2246886511442853 0.02061300319653619 0.2237411317846093
224 243 0.2236972819289199 0.02274040355220171 0.2225384191295284
225 243 0.2227958103966761 0.0249298848716962 0.2213966439912665
226 243 0.2220161251715892 0.02720870809688956 0.2203425652022437
200 244 0.2127938917884754 -0.03509624778240873 0.2098797126310238
201 244 0.2147847497535127 -0.03337505057578956 0.2121758580181604
202 244 0.2167953105530621 -0.03165385336917039 0.214472003405297
203 244 0.2184851670650274 -0.02824408902912311 0.2166518858961258
204 244 0.2202265509697803 -0.02477974310313788 0.2188280102815627
205 244 0.2216137780636931 -0.02196653630166945 0.2205224204260675
206 244 0.222355930386627 -0.02020926635291855 0.2214356460274165
207 244 0.2231131929893087 -0.01845199640416761 0.2223488716287652
208 244 0.223885412546263 -0.01669472645541677 0.2232620972301147
209 244 0.2246724348323126 -0.01493745650666593 0.2241753228314642
210 244 0.2254741048397625 -0.01318018655791499 0.2250885484328129
211 244 0.226290266892874 -0.01142291660916405 0.2260017740341616
212 244 0.2271207647595172 -0.009665646660413205 0.2269149996355111
213 244 0.2277610027938941 -0.00703907811032777 0.2276522035321357
214 244 0.2281880432423872 -0.003300191011329798 0.2281641773330737
215 244 0.2286765719345169 0.0004386960876682448 0.2286761511340108
216 244 0.2292261957379191 0.004177583186666167 0.2291881249349479
217 244 0.2288201392739896 0.006989133769209385 0.2287133755304313
218 244 0.2276932430188303 0.009116534124874997 0.2275106628753521
219 244 0.2265871011233958 0.01124393448054057 0.2263079502202725
220 244 0.2255020190033412 0.01337133483620609 0.2251052375651916
221 244 0.2244383021092228 0.01549873519187169 0.2239025249101113
222 244 0.2233962556373014 0.01762613554753726 0.2226998122550317
223 244 0.222376184228145 0.01975353590320286 0.2214970995999513
224 244 0.2213783916532527 0.02188093625886839 0.2202943869448704
225 244 0.2204031804899829 0.02400833661453392 0.2190916742897895
226 244 0.2194508517851485 0.02613573697019951 0.2178889616347092
200 245 0.2104804489153473 -0.03227340994889842 0.2079914574829372
201 245 0.2124954437730168 -0.03055221274227925 0.2102876028700738
202 245 0.2145298988017811 -0.02883101553566008 0.2125837482572103
203 245 0.2164053262159605 -0.02618016568949719 0.2148158842802523
204 245 0.2180847434085804 -0.02286318571438598 0.2168829869920088
205 245 0.2188164753859206 -0.02110591576563509 0.2177962125933579
206 245 0.2195636318937897 -0.01934864581688419 0.218709438194707
207 245 0.2203260560120142 -0.01759137586813325 0.2196226637960556
208 245 0.2211035898002806 -0.01583410591938241 0.2205358893974052
209 245 0.2218960744237621 -0.01407683597063157 0.2214491149987547
210 245 0.2227033502759306 -0.01231956602188063 0.2223623406001034
211 245 0.2235252570984215 -0.01056229607312969 0.223275566201452
212 245 0.2243616340978352 -0.008805026124378848 0.2241887918028016
213 245 0.2252123200593822 -0.00704775617562801 0.2251020174041506
214 245 0.2258479506340857 -0.004265364804033966 0.2258076691981584
215 245 0.22632025535955 -0.0005264777050359225 0.2263196429990955
216 245 0.2268543628723751 0.003212409393962 0.2268316168000326
217 245 0.2265522815744097 0.006129666475876009 0.226469343345772
218 245 0.2254179097928945 0.008257066831541622 0.2252666306906928
219 245 0.2243044282314377 0.01038446718720719 0.2240639180356132
220 245 0.2232121495194072 0.01251186754287272 0.2228612053805323
221 245 0.2221413864229815 0.01463926789853832 0.2216584927254519
222 245 0.2210924515463676 0.01676666825420389 0.2204557800703723
223 245 0.2200656570200109 0.01889406860986949 0.2192530674152921
224 245 0.2190613141760153 0.02102146896553501 0.2180503547602111
225 245 0.2183303125615927 0.02303951326200147 0.2171112761048878
226 245 0.2176801786206879 0.02503099447145337 0.216236235354079
200 246 0.2081967007678154 -0.02945057211538778 0.2061032023348488
201 246 0.2102360729365444 -0.02772937490876862 0.2083993477219854
202 246 0.2122946445953893 -0.02600817770214945 0.210695493109122
203 246 0.2143409050200408 -0.02411624234987112 0.2129798826643785
204 246 0.2152840889018802 -0.02200256517835163 0.2141567791592996
205 246 0.2160207835525997 -0.02024529522960073 0.2150700047606487
206 246 0.2167730676915127 -0.01848802528084985 0.2159832303619978
207 246 0.2175407795872821 -0.0167307553320989 0.2168964559633465
208 246 0.2183237564898506 -0.01497348538334806 0.217809681564696
209 246 0.2191218347622624 -0.01321621543459722 0.2187229071660455
210 246 0.2199348500094153 -0.01145894548584628 0.2196361327673942
211 246 0.2207626372036066 -0.00970167553709534 0.2205493583687428
212 246 0.2216050308067539 -0.007944405588344496 0.2214625839700924
213 246 0.2224618648891911 -0.006187135639593661 0.2223758095714414
214 246 0.2233329732449609 -0.00442986569084272 0.2232890351727901
215 246 0.2239681021984625 -0.001491651497740148 0.2239631348641786
216 246 0.2244863569976203 0.002247235601257774 0.2244751086651156
217 246 0.2242872380781428 0.005270199182542666 0.2242253111611128
218 246 0.2231452529705957 0.007397599538208279 0.2230225985060336
219 246 0.2220242945758607 0.009524999893873848 0.221819885850954
220 246 0.2209246829589517 0.01165240024953937 0.2206171731958731
221 246 0.2198467384318592 0.01377980060520498 0.2194144605407928
222 246 0.218790781244886 0.01590720096087054 0.2182117478857132
223 246 0.218050878315924 0.01790799160871227 0.2173142640759878
224 246 0.2173520793828474 0.01989947281816406 0.2164392233251791
225 246 0.2166728655766468 0.02189095402761584 0.2155641825743703
226 246 0.2160134216427074 0.02388243523706774 0.2146891418235616
200 247 0.206737870443019 -0.02717083090315631 0.2049446096469643
201 247 0.2087504632548696 -0.02541728328686141 0.2071972915349959
202 247 0.2107825034313641 -0.02366373567056642 0.2094499734230267
203 247 0.2125558749039274 -0.0222731217593405 0.2113856854265862
204 247 0.2132060300390276 -0.02070694154363749 0.2121981004083475
205 247 0.2137435871760923 -0.01907467632239598 0.2128907649056191
206 247 0.2142944680119421 -0.01744241110115447 0.2135834294028907
207 247 0.2148585700637871 -0.01581014587991296 0.2142760939001623
208 247 0.2155459895864834 -0.01411286484731361 0.2150834737319859
209 247 0.2163497974304406 -0.01235559489856277 0.2159966993333354
210 247 0.2171686902546315 -0.01059832494981183 0.2169099249346841
211 247 0.2180024980659051 -0.00884105500106089 0.2178231505360327
212 247 0.2188510503890299 -0.007083785052310048 0.2187363761373823
213 247 0.2197141763909005 -0.005326515103559211 0.2196496017387313
214 247 0.2205917050009476 -0.003569245154808272 0.22056282734008
215 247 0.2214834650276681 -0.001811975206057419 0.2214760529414296
216 247 0.2221223005102714 0.001282061808553599 0.2221186005301996
217 247 0.2220250949145639 0.004410731889209336 0.2219812789764547
218 247 0.2208753551670568 0.006538132244874949 0.2207785663213756
219 247 0.2197467791994541 0.008665532600540519 0.219575853666296
220 247 0.2186584312021215 0.01078498874597111 0.2183922927978965
221 247 0.2178921593877075 0.01277646995542289 0.2175172520470878
222 247 0.2171449748369733 0.01476795116487474 0.2166422112962791
223 247 0.2164170752475592 0.01675943237432664 0.2157671705454703
224 247 0.2157086558483735 0.01875091358377842 0.2148921297946616
225 247 0.2150199091818306 0.02074239479323021 0.2140170890438529
226 247 0.2143510248836233 0.02273387600268211 0.2131420482930441
200 248 0.205396906208536 -0.02495733020166082 0.2038750125671202
201 248 0.207429607210893 -0.02320378258536593 0.2061276944551518
202 248 0.2093175827945744 -0.02166427576192048 0.2081934427946158
203 248 0.210873308391152 -0.02057348772170419 0.2098673004419573
204 248 0.2116797770303033 -0.01908351382998221 0.2108178064194289
205 248 0.2122291812767709 -0.0174512486087407 0.2115104709167006
206 248 0.2127919427866915 -0.01581898338749919 0.2122031354139722
207 248 0.2133679558700818 -0.01418671816625768 0.2128957999112438
208 248 0.2139571134997299 -0.01255445294501617 0.2135884644085154
209 248 0.2145593073949763 -0.01092218772377466 0.2142811289057871
210 248 0.2151744281047449 -0.009289922502533146 0.2149737934030587
211 248 0.2158023650897105 -0.007657657281291633 0.2156664579003303
212 248 0.2164430068034951 -0.006025392060050124 0.216359122397602
213 248 0.2170962407727957 -0.004393126838808608 0.2170517868948741
214 248 0.2178534586499014 -0.002708624618773915 0.2178366195073704
215 248 0.2187519138448787 -0.0009513546700230611 0.2187498451087201
216 248 0.2196645491043412 0.0008059152787277812 0.2196630707100696
217 248 0.2197659416467185 0.003551264595876005 0.2197372467917967
218 248 0.2186683755476408 0.005653467092681601 0.2185952807689956
219 248 0.2178544196203493 0.007644948302133451 0.217720240018187
220 248 0.2170592113204153 0.009636429511585352 0.2168451992673782
221 248 0.2162829574363374 0.01162791072103713 0.2159701585165695
222 248 0.2155258627710901 0.01361939193048898 0.2150951177657608
223 248 0.2147881299245452 0.01561087313994088 0.2142200770149521
224 248 0.2140699590722393 0.01760235434939267 0.2133450362641433
225 248 0.2133715477408913 0.01959383555884445 0.2124699955133346
226 248 0.2126930905811071 0.02158531676829635 0.2115949547625258
200 249 0.2040767461797136 -0.02274382950016533 0.202805415487276
201 249 0.2060796525392354 -0.0210554297645003 0.2050012001626434
202 249 0.2076371027536756 -0.01996464172428417 0.2066750578099869
203 249 0.2092020385300598 -0.01887385368406788 0.2083489154573285
204 249 0.2101640459742581 -0.01746008611632696 0.2094375124305112
205 249 0.2107254402533976 -0.01582782089508545 0.2101301769277829
206 249 0.2113002230652464 -0.01419555567384394 0.2108228414250545
207 249 0.2118882854538542 -0.01256329045260243 0.2115155059223261
208 249 0.2124895171660044 -0.01093102523136092 0.2122081704195977
209 249 0.2131038067375284 -0.00929876001011941 0.2129008349168694
210 249 0.2137310415787247 -0.007666494788877899 0.213593499414141
211 249 0.2143711080587674 -0.006034229567636389 0.2142861639114126
212 249 0.2150238915889987 -0.004401964346394878 0.2149788284086843
213 249 0.2156892767050042 -0.002769699125153362 0.2156714929059564
214 249 0.2163671471473768 -0.001137433903911852 0.216364157403228
215 249 0.2170573859410858 0.0004948313173296933 0.2170568219004988
216 249 0.2178450990362748 0.001910107061060112 0.2178367247851924
217 249 0.2180216163321917 0.002924905472765573 0.2180019956699406
218 249 0.2170949326408179 0.004504907858295971 0.2170481872384783
219 249 0.2162707385045398 0.006496389067747821 0.2161731464876697
220 249 0.2154653528429179 0.008487870277199723 0.2152981057368609
221 249 0.2146789873406187 0.0104793514866515 0.2144230649860521
222 249 0.2139118517588736 0.01247083269610335 0.2135480242352435
223 249 0.2131641537118131 0.01446231390555526 0.2126729834844347
224 249 0.2124360984387609 0.01645379511500704 0.211797942733626
225 249 0.211727888572901 0.01844527632445882 0.2109229019828172
226 249 0.2110397239067587 0.02043675753391072 0.2100478612320084
200 250 0.2027777966866618 -0.02053032879866961 0.2017358184074302
201 250 0.2044013280313766 -0.01935579572686401 0.2034828151780153
202 250 0.2059681308129115 -0.01826500768664787 0.2051566728253588
203 250 0.207542338225439 -0.01717421964643158 0.2068305304727004
204 250 0.2086590661701905 -0.01583665840267172 0.2080572184415936
205 250 0.2092325940494038 -0.01420439318143021 0.2087498829388653
206 250 0.2098195393141111 -0.0125721279601887 0.2094425474361369
207 250 0.210419789684919 -0.01093986273894719 0.2101352119334085
208 250 0.2110332316291008 -0.009307597517705674 0.2108278764306801
209 250 0.2116597504494288 -0.007675332296464164 0.2115205409279518
210 250 0.2122992303719534 -0.006043067075222652 0.2122132054252235
211 250 0.2129515546326194 -0.004410801853981142 0.2129058699224951
212 250 0.2136166055626101 -0.002778536632739632 0.2135985344197667
213 250 0.2142942646723209 -0.001146271411498115 0.2142911989170388
214 250 0.2151033935409147 0.0001888908464535361 0.2151033106046156
215 250 0.2160844377060363 0.001110759295981941 0.2160815828165841
216 250 0.2170693719541476 0.002032627745510345 0.2170598550285526
217 250 0.2167317645287563 0.003106364451000069 0.2167095019966726
218 250 0.2157158147824143 0.004258442381134162 0.2156737777656974
219 250 0.2147062359485919 0.005410520311268218 0.214638053534721
220 250 0.2138769756327678 0.00733931104281409 0.2137510122063434
221 250 0.2130803672495253 0.009330792252265872 0.2128759714555347
222 250 0.2123030581409791 0.01132227346171772 0.212000930704726
223 250 0.2115452610489719 0.01331375467116962 0.2111258899539172
224 250 0.2108071863955063 0.0153052358806214 0.2102508492031085
225 250 0.2100890420444345 0.01729671709007319 0.2093758084522998
226 250 0.2093910330595676 0.01928819829952509 0.208500767701491
200 251 0.2011660050181955 -0.01874694972944396 0.2002905725460446
201 251 0.202734730889741 -0.01765616168922771 0.2019644301933872
202 251 0.2043109489940166 -0.01656537364901158 0.2036382878407307
203 251 0.205894487261508 -0.01547458560879528 0.2053121454880723
204 251 0.2071650719301793 -0.01421323068901647 0.206676924452676
205 251 0.2077508775273202 -0.01258096546777496 0.2073695889499477
206 251 0.2083501268217118 -0.01094870024653345 0.2080622534472193
207 251 0.2089627041545731 -0.009316435025291938 0.2087549179444909
208 251 0.209588492661874 -0.007684169804050427 0.2094475824417626
209 251 0.2102273743656561 -0.006051904582808916 0.2101402469390342
210 251 0.2108792302641384 -0.004419639361567405 0.2108329114363058
211 251 0.2115439404204947 -0.002787374140325895 0.2115255759335775
212 251 0.2123754244920788 -0.001532325368153018 0.2123698964240384
213 251 0.2133490419898517 -0.0006104569186246142 0.2133481686360068
214 251 0.2143266670848549 0.0003114115309037627 0.2143264408479753
215 251 0.2153082451866041 0.001233279980432167 0.2153047130599437
216 251 0.2162937224768332 0.002155148429960571 0.2162829852719121
217 251 0.2154420972277877 0.003287823429234565 0.2154170083234045
218 251 0.2144272550148413 0.004439901359368659 0.2143812840924293
219 251 0.2134188326858036 0.005591979289502713 0.213345559861453
220 251 0.2124169216734439 0.006744057219636806 0.2123098356304772
221 251 0.211487218484252 0.008182233017880241 0.2113288779250172
222 251 0.2106996014294467 0.01017371422733209 0.2104538371742085
223 251 0.2099315695418295 0.01216519543678399 0.2095787964233998
224 251 0.209183338546622 0.01415667664623577 0.2087037556725911
225 251 0.2084551216645244 0.01614815785568755 0.2078287149217823
226 251 0.2077174631036088 0.01808824940380988 0.2069283927152208
200 252 0.1995018634505633 -0.01704731569180776 0.1987721875614167
201 252 0.2010801527116189 -0.01595652765159151 0.2004460452087593
202 252 0.2026658465177437 -0.01486573961137537 0.2021199028561028
203 252 0.2042587724209735 -0.01377495157115908 0.2037937605034444
204 252 0.205682302638635 -0.01258980297536119 0.2052966304637575
205 252 0.2062805305213626 -0.01095753775411968 0.2059892949610291
206 252 0.2068922257440698 -0.009325272532878168 0.2066819594583008
207 252 0.2075172692144245 -0.007693007311636657 0.2073746239555724
208 252 0.2081555406872594 -0.006060742090395146 0.208067288452844
209 252 0.2088069188583442 -0.004428476869153635 0.2087599529501157
210 252 0.2096617280770238 -0.003253541582759558 0.2096364822434614
211 252 0.2106276607996235 -0.002331673133231152 0.2106147544554299
212 252 0.2115977232474785 -0.001409804683702775 0.2115930266673983
213 252 0.2125718588831308 -0.0004879362341743715 0.2125712988793667
214 252 0.2135500119654895 0.0004339322153540056 0.2135495710913351
215 252 0.2145321275422627 0.00135580066488241 0.2145278433033036
216 252 0.2151727162815204 0.00231720447733503 0.2151602388811136
217 252 0.2141526177626131 0.003469282407469087 0.2141245146501379
218 252 0.2131388973736887 0.004621360337603181 0.2130887904191627
219 252 0.2121316465528958 0.005773438267737237 0.2120530661881863
220 252 0.2111309578941311 0.006925516197871328 0.2110173419572106
221 252 0.2101369251460186 0.008077594128005386 0.2099816177262349
222 252 0.2091496432099107 0.009229672058139477 0.2089458934952591
223 252 0.2083232000563751 0.01101663620239829 0.2080317028928824
224 252 0.2075646737487999 0.01300811741185008 0.2071566621420737
225 252 0.206826244182428 0.01499959862130186 0.2062816213912649
226 252 0.2060041815273294 0.016809456790317 0.2053172300834963
200 253 0.1978499784259786 -0.01534768165417145 0.1972538025767879
201 253 0.1994378926326858 -0.0142568936139552 0.1989276602241304
202 253 0.2010331199288269 -0.01316610557373906 0.2006015178714739
203 253 0.2026354875998112 -0.01207531753352277 0.2022753755188155
204 253 0.2042110028076368 -0.01096637526170594 0.2039163364748398
205 253 0.2048217978855107 -0.009334110040464432 0.2046090009721114
206 253 0.2054460811456911 -0.007701844819222922 0.2053016654693831
207 253 0.2060837300101763 -0.006069579597981411 0.2059943299666547
208 253 0.2069628657246921 -0.004974757797366112 0.2069030680628841
209 253 0.2079208444253122 -0.004052889347837707 0.2078813402748526
210 253 0.2088830797839085 -0.00313102089830933 0.208859612486821
211 253 0.2098495132455742 -0.002209152448780926 0.2098378846987895
212 253 0.2108200870759616 -0.001287283999252549 0.2108161569107579
213 253 0.2117947443539276 -0.0003654155497241447 0.2117944291227263
214 253 0.2127734289639872 0.0005564528998042322 0.2127727013346948
215 253 0.2137560855885937 0.001478321349332637 0.2137509735466632
216 253 0.213882340924519 0.002498663455569527 0.2138677452078456
217 253 0.212863329546834 0.003650741385703583 0.2128320209768699
218 253 0.2118507455466127 0.004802819315837677 0.2117962967458947
219 253 0.2108446815265356 0.005954897245971732 0.2107605725149183
220 253 0.20984523126313 0.007106975176105824 0.2097248482839426
221 253 0.2088524897055486 0.008259053106239882 0.2086891240529668
222 253 0.2078665529733331 0.009411131036373975 0.2076533998219911
223 253 0.2068875183530991 0.01056320896650803 0.2066176755910147
224 253 0.2059513142099243 0.01185955817746445 0.2056095686115563
225 253 0.2052025296882598 0.01385103938691623 0.2047345278607476
226 253 0.2042972428752758 0.01553066417682418 0.2037060674517726
200 254 0.1967023514383235 -0.01369578606303891 0.1962249742145
201 254 0.198100251335574 -0.01258561460203873 0.1977000553472521
202 254 0.1995054404950163 -0.0114754431410384 0.1991751364800017
203 254 0.2010249339170408 -0.01037568349588647 0.2007569905341874
204 254 0.2026436714509387 -0.00928489545567014 0.202430848181529
205 254 0.2033749295365725 -0.007710682326809186 0.2032287069831938
206 254 0.2042794253819758 -0.006695974011972661 0.2041696538823074
207 254 0.2052291691642022 -0.005774105562444282 0.2051479260942759
208 254 0.2061833015381825 -0.004852237112915879 0.2061261983062443
209 254 0.2071417618599866 -0.003930368663387475 0.2071044705182128
210 254 0.2081044903303423 -0.003008500213859097 0.2080827427301812
211 254 0.2090714279875699 -0.002086631764330694 0.2090610149421496
212 254 0.2100425167002851 -0.001164763314802316 0.210039287154118
213 254 0.2110176991598937 -0.000242894865273912 0.2110175593660865
214 254 0.211996918872891 0.0006789735842544648 0.2119958315780549
215 254 0.212980120152987 0.001600842033782869 0.2129741037900234
216 254 0.2125921461890093 0.002680122433804022 0.2125752515345776
217 254 0.2115742360767508 0.003832200363938079 0.2115395273036018
218 254 0.210562803310917 0.004984278294072173 0.2105038030726266
219 254 0.2095579416803911 0.006136356224206229 0.2094680788416503
220 254 0.2085597461663495 0.007288434154340321 0.2084323546106745
221 254 0.2075683129408281 0.008440512084474378 0.2073966303796988
222 254 0.2065837393642356 0.009592590014608471 0.206360906148723
223 254 0.2056061239817495 0.01074466794474253 0.2053251819177467
224 254 0.2046355665185468 0.01189674587487662 0.2042894576867715
225 254 0.2036721678738018 0.01304882380501071 0.2032537334557963
226 254 0.2025968074706056 0.0142518715633312 0.2020949048200472
200 255 0.1958265223192499 -0.01206905934727345 0.1954542520645781
201 255 0.1972340221595884 -0.01095888788627327 0.1969293331973302
202 255 0.1986487071211072 -0.009848716425272937 0.1984044143300798
203 255 0.2000704247872941 -0.008738544964272642 0.1998794954628306
204 255 0.2016213274556377 -0.008050504894573178 0.2014605396992571
205 255 0.2025532386356791 -0.007495321777050838 0.2024145119136986
206 255 0.2034989801523323 -0.006573453327522434 0.2033927841256671
207 255 0.2044491845916587 -0.005651584877994057 0.2043710563376355
208 255 0.2054037900168029 -0.004729716428465652 0.2053493285496039
209 255 0.2063627353527218 -0.003807847978937248 0.2063276007615724
210 255 0.2073259603792202 -0.00288597952940887 0.2073058729735408
211 255 0.2082934057237348 -0.001964111079880467 0.2082841451855092
212 255 0.2092650128538851 -0.00104224263035209 0.2092624173974776
213 255 0.2102407240698121 -0.0001203741808236858 0.2102406896094461
214 255 0.2112204824963216 0.0008014942687046913 0.2112189618214145
215 255 0.2122042320748503 0.001723362718233096 0.212197234033383
216 255 0.2113021353835752 0.00286158141203852 0.2112827578613101
217 255 0.2102853409338605 0.004013659342172577 0.2102470336303344
218 255 0.2092750745362688 0.005165737272306671 0.2092113093993591
219 255 0.2082714311880792 0.006317815202440726 0.2081755851683828
220 255 0.2072745070976661 0.007469893132574818 0.2071398609374071
221 255 0.2062843996828396 0.008621971062708874 0.2061041367064313
222 255 0.2053012075680951 0.009774048992842968 0.2050684124754555
223 255 0.2043250305807046 0.01092612692297702 0.2040326882444793
224 255 0.2033559697456004 0.01207820485311111 0.202996964013504
225 255 0.2025353085612223 0.01300256012056458 0.2021175020731768
226 255 0.2016438895753135 0.01374950818935951 0.2011745740087747
200 256 0.1949633789479922 -0.01044233263150811 0.1946835299146575
201 256 0.1963804723493688 -0.009332161170507926 0.1961586110474095
202 256 0.1978046445348165 -0.008221989709507592 0.1976336921801591
203 256 0.1993597353158655 -0.007542920483681228 0.1992169882710528
204 256 0.2011132102594787 -0.007546264250974814 0.2009715831572408
205 256 0.2019417723176748 -0.007196112373196653 0.2018135163300911
206 256 0.2027185815054022 -0.006450932643072201 0.2026159143690272
207 256 0.2036692499137599 -0.005529064193543824 0.2035941865809956
208 256 0.204624331762434 -0.00460719574401542 0.2045724587929641
209 256 0.2055837655407878 -0.003685327294487015 0.2055507310049325
210 256 0.2065474906033827 -0.002763458844958639 0.2065290032169009
211 256 0.2075154471626081 -0.001841590395430234 0.2075072754288694
212 256 0.2084875762810768 -0.0009197219459018571 0.2084855476408378
213 256 0.2094638198638046 2.146503626547112e-006 0.2094638198528063
214 256 0.2104441206501924 0.000924014953154924 0.2104420920647747
215 256 0.2110344605206673 0.001890962460138924 0.2110259884190178
216 256 0.2100123118976136 0.003043040390273016 0.2099902641880421
217 256 0.20899664778745 0.004195118320407074 0.2089545399570663
218 256 0.2079875631875186 0.005347196250541167 0.2079188157260911
219 256 0.2069851543262261 0.006499274180675223 0.2068830914951148
220 256 0.2059895186622391 0.007651352110809313 0.2058473672641391
221 256 0.205000754882585 0.008803430040943371 0.2048116430331633
222 256 0.2040189628996234 0.009955507971077462 0.2037759188021875
223 256 0.2030442438468162 0.01110758590121152 0.2027401945712112
224 256 0.2022702834739177 0.01194997543731058 0.2019169771556287
225 256 0.2015681556699604 0.01268310137695447 0.2011687359398852
226 256 0.2008542701434015 0.01341728305045835 0.2004056245477716
200 257 0.1941130905499818 -0.008815605915742764 0.1939128077647368
201 257 0.1955397679449216 -0.007705434454742579 0.1953878888974888
202 257 0.1970990379868466 -0.00703533607278926 0.1969734368428477
203 257 0.1988526429514784 -0.007038679840082862 0.1987280317290365
204 257 0.2006062652835807 -0.007042023607376448 0.2004826266152245
205 257 0.2015029990189539 -0.006717603241777792 0.201390993890786
206 257 0.2020171947638738 -0.00624647942453226 0.2019205994322121
207 257 0.2028893657059108 -0.005406543509093591 0.2028173168243558
208 257 0.2038449273861192 -0.004484675059565188 0.2037955890363242
209 257 0.2048048530711017 -0.003562806610036782 0.2047738612482927
210 257 0.2057690816857983 -0.002640938160508406 0.2057521334602611
211 257 0.2067375530233339 -0.001719069710980002 0.2067304056722295
212 257 0.2077102077372529 -0.0007972012614516244 0.207708677884198
213 257 0.2086869873335365 0.0001246671880767798 0.2086869500961664
214 257 0.2096678341624208 0.001046535637605157 0.2096652223081348
215 257 0.2097437335151725 0.00207242143837342 0.2097334947457498
216 257 0.2087226792038057 0.003224499368507512 0.208697770514774
217 257 0.2077081603972876 0.004376577298641569 0.2076620462837983
218 257 0.2067002733276268 0.005528655228775663 0.2066263220528231
219 257 0.2056991154776434 0.006680733158909718 0.2055905978218467
220 257 0.2047047855799513 0.007832811089043809 0.204554873590871
221 257 0.2037173836148067 0.008984889019177867 0.2035191493598953
222 257 0.2027370108067843 0.01013696694931196 0.2024834251289195
223 257 0.2020105943478322 0.01089739075405657 0.2017164522380806
224 257 0.2013044727771369 0.01163051669370046 0.2009682110223371
225 257 0.2006013359091069 0.01236364263334435 0.2002199698065937
226 257 0.1999012152391182 0.01309676857298825 0.1994717285908503
200 258 0.1932758267859495 -0.007188879199977305 0.1931420856148149
201 258 0.1948392666157422 -0.006527751661897361 0.1947298854146453
202 258 0.1965929963314903 -0.006531095429190909 0.1964844803008323
203 258 0.1983467414066033 -0.006534439196484511 0.1982390751870211
204 258 0.2001005014372355 -0.006537782963778096 0.1999936700732091
205 258 0.2010652948991031 -0.00623909411035897 0.2009684714514826
206 258 0.2015806154200904 -0.005767970293113439 0.2014980769929087
207 258 0.2021095325523604 -0.005284022824643365 0.2020404470677154
208 258 0.2030655775082409 -0.00436215437511496 0.2030187192796838
209 258 0.2040259986004113 -0.003440285925586557 0.2039969914916522
210 258 0.2049907343197554 -0.002518417476058179 0.2049752637036207
211 258 0.2059597240358609 -0.001596549026529775 0.2059535359155891
212 258 0.2069329079890902 -0.0006746805770013979 0.2069318081275576
213 258 0.2079102272824319 0.000247187872527006 0.207910080339526
214 258 0.20889162387315 0.001169056322055383 0.2088883525514944
215 258 0.2084531863633438 0.002253880416607917 0.2084410010724823
216 258 0.2074332408606724 0.00340595834674201 0.2074052768415066
217 258 0.2064198826164087 0.004558036276876067 0.2063695526105308
218 258 0.2054132091206938 0.005710114207010161 0.2053338283795556
219 258 0.2044133191346171 0.006862192137144216 0.2042981041485793
220 258 0.2034203126889728 0.008014270067278308 0.2032623799176035
221 258 0.2024692978910218 0.009111680131158623 0.2022641685362753
222 258 0.2017562617873993 0.009844806070802518 0.2015159273205319
223 258 0.2010461549731516 0.01057793201044641 0.2007676861047884
224 258 0.2003390085971078 0.01131105795009031 0.200019444889045
225 258 0.1996348541186538 0.0120441838897342 0.1992712036733016
226 258 0.1989337233085456 0.0127773098293781 0.1985229624575582
200 259 0.192580453798589 -0.006020167251005461 0.1924863339864428
201 259 0.1943343025157669 -0.006023511018299033 0.1942409288726299
202 259 0.1960881646405504 -0.006026854785592582 0.195995523758817
203 259 0.1978420398163673 -0.006030198552886184 0.1977501186450058
204 259 0.199595927699172 -0.006033542320179768 0.1995047135311937
205 259 0.2006286669558832 -0.005760584978940131 0.200545949012178
206 259 0.2011451143787005 -0.0052894611616946 0.2010755545536042
207 259 0.2016627306958519 -0.00481833734444909 0.2016051600950302
208 259 0.2022862827586996 -0.004239633690664728 0.2022418495230439
209 259 0.2032472027954839 -0.003317765241136323 0.2032201217350124
210 259 0.2042124492090588 -0.002395896791607947 0.2041983939469808
211 259 0.2051819609411465 -0.001474028342079543 0.2051766661589493
212 259 0.2061556778147617 -0.0005521598925511655 0.2061549383709177
213 259 0.207133540525892 0.0003697085569772386 0.2071332105828861
214 259 0.208115490634976 0.001291577006505616 0.2081114827948546
215 259 0.2071628224264441 0.002435339394842413 0.2071485073992143
216 259 0.2061440005152244 0.003587417324976506 0.2061127831682385
217 259 0.2051318183940043 0.004739495255110563 0.2050770589372628
218 259 0.2041263748351015 0.005891573185244657 0.2040413347062876
219 259 0.2031277699023178 0.007043651115378712 0.2030056104753112
220 259 0.2022242940200669 0.008059095447904613 0.2020636436187273
221 259 0.2015073060749982 0.008792221387548508 0.2013154024029839
222 259 0.2007932229643524 0.009525347327192402 0.2005671611872404
223 259 0.2000820757897667 0.0102584732668363 0.199818919971497
224 259 0.1993738959678331 0.01099159920648019 0.1990706787557536
225 259 0.1986687152310685 0.01172472514612408 0.1983224375400102
226 259 0.1979665656287826 0.01245785108576798 0.1975741963242668
200 260 0.1921959529929668 -0.005547870226431733 0.1921158647348661
201 260 0.1938305680935601 -0.005519270374700682 0.1937519723306145
202 260 0.1955845522833005 -0.00552261414199423 0.1955065672168015
203 260 0.1973385473875731 -0.005525957909287831 0.1972611621029903
204 260 0.1990925531179063 -0.005529301676581418 0.1990157569891783
205 260 0.2001931222308286 -0.005282075847521286 0.2001234265728741
206 260 0.2007106986587909 -0.004810952030275754 0.2006530321143002
207 260 0.201229440696519 -0.004339828213030245 0.2011826376557263
208 260 0.2017493393528938 -0.003868704395784713 0.2017122431971523
209 260 0.2024684663332926 -0.003195244556686097 0.202443251978372
210 260 0.2034342270682243 -0.00227337610715772 0.2034215241903405
211 260 0.2044042644913602 -0.001351507657629316 0.2043997964023089
212 260 0.2053785180041475 -0.0004296392081009389 0.2053780686142773
213 260 0.2063569278915148 0.0004922292414274651 0.2063563408262458
214 260 0.2068969227436978 0.001464720442942818 0.206891737956922
215 260 0.2058726451495252 0.00261679837307691 0.2058560137259463
216 260 0.2048549619057161 0.003768876303211001 0.2048202894949705
217 260 0.2038439717784218 0.004920954233345059 0.2037845652639947
218 260 0.2028397748467772 0.006073032163479152 0.2027488410330195
219 260 0.2019846773516776 0.007006510764650567 0.2018631187011786
220 260 0.201263747163507 0.007739636704294461 0.2011148774854352
221 260 0.2005456971287379 0.008472762643938356 0.2003666362696918
222 260 0.1998305582950904 0.009205888583582249 0.1996183950539483
223 260 0.199118362029533 0.009939014523226144 0.1988701538382049
224 260 0.1984091400194091 0.01067214046287004 0.1981219126224615
225 260 0.197702924273465 0.01140526640251393 0.1973736714067181
226 260 0.1969997471227767 0.01213839234215783 0.1966254301909746
