0.00000000e+000	6.16045714e-001	
4.66911274e-001	6.16044722e-001	
9.33822548e-001	6.16043730e-001	
1.40073382e+000	6.16042738e-001	
1.86764510e+000	6.16041746e-001	
2.33455637e+000	6.16040754e-001	
2.80146765e+000	6.16039762e-001	
3.26837892e+000	6.16038770e-001	
3.73529019e+000	6.16037778e-001	
4.20220147e+000	6.16036786e-001	
4.66911274e+000	6.16035794e-001	
5.13602402e+000	6.16034802e-001	
5.60293529e+000	6.16033810e-001	
6.06984656e+000	6.16032818e-001	
6.53675784e+000	6.16031826e-001	
7.00366911e+000	6.16030834e-001	
7.47058039e+000	6.16029842e-001	
7.93749166e+000	6.16028850e-001	
8.40440294e+000	6.16027858e-001	
8.87131421e+000	6.16026866e-001	
9.33822548e+000	6.16025873e-001	
9.80513676e+000	6.16024881e-001	
1.02720480e+001	6.16023889e-001	
1.07389593e+001	6.16022897e-001	
1.12058706e+001	6.16021905e-001	
1.16727819e+001	6.16020913e-001	
1.21396931e+001	6.16019921e-001	
1.26066044e+001	6.16018929e-001	
1.30735157e+001	6.16017937e-001	
1.35404270e+001	6.16016945e-001	
1.40073382e+001	6.16015953e-001	
1.44742495e+001	6.16014961e-001	
1.49411608e+001	6.16013969e-001	
1.54080720e+001	6.16012977e-001	
1.58749833e+001	6.16011985e-001	
1.63418946e+001	6.16010993e-001	
1.68088059e+001	6.16010001e-001	
1.72757171e+001	6.16008012e-001	
1.77426284e+001	6.16005607e-001	
1.82095397e+001	6.16003201e-001	
1.86764510e+001	6.16000796e-001	
1.91433622e+001	6.15998390e-001	
1.96102735e+001	6.15995985e-001	
2.00771848e+001	6.15993579e-001	
2.05440961e+001	6.15991174e-001	
2.10110073e+001	6.15988768e-001	
2.14779186e+001	6.15986362e-001	
2.19448299e+001	6.15983957e-001	
2.24117412e+001	6.15981551e-001	
2.28786524e+001	6.15979146e-001	
2.33455637e+001	6.15973213e-001	
2.38124750e+001	6.15966697e-001	
2.42793863e+001	6.15960181e-001	
2.47462975e+001	6.15953665e-001	
2.52132088e+001	6.15947149e-001	
2.56801201e+001	6.15940632e-001	
2.61470314e+001	6.15934116e-001	
2.66139426e+001	6.15927600e-001	
2.70808539e+001	6.15921084e-001	
2.75477652e+001	6.15914568e-001	
2.80146765e+001	6.15908052e-001	
2.84815877e+001	6.15901536e-001	
2.89484990e+001	6.15895020e-001	
2.94154103e+001	6.15888504e-001	
2.98823215e+001	6.15881988e-001	
3.03492328e+001	6.15875472e-001	
3.08161441e+001	6.15868956e-001	
3.12830554e+001	6.15862440e-001	
3.17499666e+001	6.15855924e-001	
3.22168779e+001	6.15849408e-001	
3.26837892e+001	6.15842892e-001	
3.31507005e+001	6.15836375e-001	
3.36176117e+001	6.15829859e-001	
3.40845230e+001	6.15823343e-001	
3.45514343e+001	6.15816827e-001	
3.50183456e+001	6.15810311e-001	
3.54852568e+001	6.15803981e-001	
3.59521681e+001	6.15797788e-001	
3.64190794e+001	6.15791596e-001	
3.68859907e+001	6.15785404e-001	
3.73529019e+001	6.15778946e-001	
3.78198132e+001	6.15771013e-001	
3.82867245e+001	6.15763080e-001	
3.87536358e+001	6.15755148e-001	
3.92205470e+001	6.15747215e-001	
3.96874583e+001	6.15739283e-001	
4.01543696e+001	6.15731350e-001	
4.06212809e+001	6.15723418e-001	
4.10881921e+001	6.15715485e-001	
4.15551034e+001	6.15707553e-001	
4.20220147e+001	6.15699620e-001	
4.24889260e+001	6.15691688e-001	
4.29558372e+001	6.15683755e-001	
4.34227485e+001	6.15675823e-001	
4.38896598e+001	6.15667890e-001	
4.43565710e+001	6.15661177e-001	
4.48234823e+001	6.15654811e-001	
4.52903936e+001	6.15648446e-001	
4.57573049e+001	6.15642081e-001	
4.62242161e+001	6.15635716e-001	
4.66911274e+001	6.15629350e-001	
4.71580387e+001	6.15622985e-001	
4.76249500e+001	6.15616620e-001	
4.80918612e+001	6.15610255e-001	
4.85587725e+001	6.15603889e-001	
4.90256838e+001	6.15597524e-001	
4.94925951e+001	6.15591159e-001	
4.99595063e+001	6.15584794e-001	
5.04264176e+001	6.15578428e-001	
5.08933289e+001	6.15572063e-001	
5.13602402e+001	6.15565698e-001	
5.18271514e+001	6.15559333e-001	
5.22940627e+001	6.15552967e-001	
5.27609740e+001	6.15546338e-001	
5.32278853e+001	6.15539007e-001	
5.36947965e+001	6.15531676e-001	
5.41617078e+001	6.15524345e-001	
5.46286191e+001	6.15517014e-001	
5.50955304e+001	6.15509684e-001	
5.55624416e+001	6.15502353e-001	
5.60293529e+001	6.15495022e-001	
5.64962642e+001	6.15487691e-001	
5.69631755e+001	6.15480360e-001	
5.74300867e+001	6.15473082e-001	
5.78969980e+001	6.15466477e-001	
5.83639093e+001	6.15459872e-001	
5.88308205e+001	6.15453267e-001	
5.92977318e+001	6.15446662e-001	
5.97646431e+001	6.15440057e-001	
6.02315544e+001	6.15433452e-001	
6.06984656e+001	6.15426847e-001	
6.11653769e+001	6.15420241e-001	
6.16322882e+001	6.15413636e-001	
6.20991995e+001	6.15407031e-001	
6.25661107e+001	6.15400426e-001	
6.30330220e+001	6.15393821e-001	
6.34999333e+001	6.15387216e-001	
6.39668446e+001	6.15380611e-001	
6.44337558e+001	6.15374006e-001	
6.49006671e+001	6.15367400e-001	
6.53675784e+001	6.15360795e-001	
6.58344897e+001	6.15354190e-001	
6.63014009e+001	6.15343446e-001	
6.67683122e+001	6.15331900e-001	
6.72352235e+001	6.15320354e-001	
6.77021348e+001	6.15308809e-001	
6.81690460e+001	6.15297263e-001	
6.86359573e+001	6.15285717e-001	
6.91028686e+001	6.15274171e-001	
6.95697799e+001	6.15262626e-001	
7.00366911e+001	6.15251080e-001	
7.05036024e+001	6.15239534e-001	
7.09705137e+001	6.15227988e-001	
7.14374249e+001	6.15216443e-001	
7.19043362e+001	6.15204897e-001	
7.23712475e+001	6.15193351e-001	
7.28381588e+001	6.15181805e-001	
7.33050700e+001	6.15170260e-001	
7.37719813e+001	6.15158714e-001	
7.42388926e+001	6.15147168e-001	
7.47058039e+001	6.15136983e-001	
7.51727151e+001	6.15127447e-001	
7.56396264e+001	6.15117911e-001	
7.61065377e+001	6.15108375e-001	
7.65734490e+001	6.15098839e-001	
7.70403602e+001	6.15089304e-001	
7.75072715e+001	6.15079768e-001	
7.79741828e+001	6.15070232e-001	
7.84410941e+001	6.15060696e-001	
7.89080053e+001	6.15051160e-001	
7.93749166e+001	6.15041624e-001	
7.98418279e+001	6.15032088e-001	
8.03087392e+001	6.15022552e-001	
8.07756504e+001	6.15013016e-001	
8.12425617e+001	6.15003480e-001	
8.17094730e+001	6.14993944e-001	
8.21763843e+001	6.14984408e-001	
8.26432955e+001	6.14974872e-001	
8.31102068e+001	6.14965337e-001	
8.35771181e+001	6.14955801e-001	
8.40440294e+001	6.14946265e-001	
8.45109406e+001	6.14936729e-001	
8.49778519e+001	6.14927193e-001	
8.54447632e+001	6.14917657e-001	
8.59116744e+001	6.14908121e-001	
8.63785857e+001	6.14898585e-001	
8.68454970e+001	6.14889049e-001	
8.73124083e+001	6.14879513e-001	
8.77793195e+001	6.14869977e-001	
8.82462308e+001	6.14860441e-001	
8.87131421e+001	6.14850905e-001	
8.91800534e+001	6.14841370e-001	
8.96469646e+001	6.14831834e-001	
9.01138759e+001	6.14823199e-001	
9.05807872e+001	6.14814835e-001	
9.10476985e+001	6.14806471e-001	
9.15146097e+001	6.14798107e-001	
9.19815210e+001	6.14789742e-001	
9.24484323e+001	6.14781378e-001	
9.29153436e+001	6.14773014e-001	
9.33822548e+001	6.14764650e-001	
9.38491661e+001	6.14756286e-001	
9.43160774e+001	6.14747922e-001	
9.47829887e+001	6.14739652e-001	
9.52498999e+001	6.14733237e-001	
9.57168112e+001	6.14726823e-001	
9.61837225e+001	6.14720409e-001	
9.66506338e+001	6.14713995e-001	
9.71175450e+001	6.14707581e-001	
9.75844563e+001	6.14701167e-001	
9.80513676e+001	6.14694752e-001	
9.85182789e+001	6.14688338e-001	
9.89851901e+001	6.14681924e-001	
9.94521014e+001	6.14675510e-001	
9.99190127e+001	6.14669096e-001	
1.00385924e+002	6.14662682e-001	
1.00852835e+002	6.14656268e-001	
1.01319746e+002	6.14649853e-001	
1.01786658e+002	6.14643439e-001	
1.02253569e+002	6.14637025e-001	
1.02720480e+002	6.14630611e-001	
1.03187392e+002	6.14624197e-001	
1.03654303e+002	6.14617783e-001	
1.04121214e+002	6.14611369e-001	
1.04588125e+002	6.14604954e-001	
1.05055037e+002	6.14598540e-001	
1.05521948e+002	6.14592126e-001	
1.05988859e+002	6.14585712e-001	
1.06455771e+002	6.14579298e-001	
1.06922682e+002	6.14572884e-001	
1.07389593e+002	6.14566469e-001	
1.07856504e+002	6.14560055e-001	
1.08323416e+002	6.14553641e-001	
1.08790327e+002	6.14547227e-001	
1.09257238e+002	6.14540813e-001	
1.09724149e+002	6.14534399e-001	
1.10191061e+002	6.14527985e-001	
1.10657972e+002	6.14521570e-001	
1.11124883e+002	6.14515156e-001	
1.11591795e+002	6.14508742e-001	
1.12058706e+002	6.14502328e-001	
1.12525617e+002	6.14495764e-001	
1.12992528e+002	6.14488481e-001	
1.13459440e+002	6.14481198e-001	
1.13926351e+002	6.14473916e-001	
1.14393262e+002	6.14466633e-001	
1.14860173e+002	6.14459350e-001	
1.15327085e+002	6.14452068e-001	
1.15793996e+002	6.14444785e-001	
1.16260907e+002	6.14438849e-001	
1.16727819e+002	6.14437822e-001	
1.17194730e+002	6.14436796e-001	
1.17661641e+002	6.14435770e-001	
1.18128552e+002	6.14434743e-001	
1.18595464e+002	6.14433717e-001	
1.19062375e+002	6.14432691e-001	
1.19529286e+002	6.14431664e-001	
1.19996197e+002	6.14430638e-001	
1.20463109e+002	6.14429612e-001	
1.20930020e+002	6.14428585e-001	
1.21396931e+002	6.14426510e-001	
1.21863843e+002	6.14422626e-001	
1.22330754e+002	6.14418743e-001	
1.22797665e+002	6.14414859e-001	
1.23264576e+002	6.14410975e-001	
1.23731488e+002	6.14407092e-001	
1.24198399e+002	6.14403208e-001	
1.24665310e+002	6.14399324e-001	
1.25132221e+002	6.14395441e-001	
1.25599133e+002	6.14391557e-001	
1.26066044e+002	6.14387673e-001	
1.26532955e+002	6.14383789e-001	
1.26999867e+002	6.14379906e-001	
1.27466778e+002	6.14376022e-001	
1.27933689e+002	6.14372138e-001	
1.28400600e+002	6.14368255e-001	
1.28867512e+002	6.14364371e-001	
1.29334423e+002	6.14360487e-001	
1.29801334e+002	6.14356604e-001	
1.30268245e+002	6.14354828e-001	
1.30735157e+002	6.14356792e-001	
1.31202068e+002	6.14358756e-001	
1.31668979e+002	6.14360721e-001	
1.32135891e+002	6.14362685e-001	
1.32602802e+002	6.14364649e-001	
1.33069713e+002	6.14366613e-001	
1.33536624e+002	6.14368578e-001	
1.34003536e+002	6.14370542e-001	
1.34470447e+002	6.14372506e-001	
1.34937358e+002	6.14374470e-001	
1.35404270e+002	6.14376435e-001	
1.35871181e+002	6.14379665e-001	
1.36338092e+002	6.14389004e-001	
1.36805003e+002	6.14398344e-001	
1.37271915e+002	6.14407684e-001	
1.37738826e+002	6.14417024e-001	
1.38205737e+002	6.14426363e-001	
1.38672648e+002	6.14435703e-001	
1.39139560e+002	6.14445043e-001	
1.39606471e+002	6.14454382e-001	
1.40073382e+002	6.14463722e-001	
1.40540294e+002	6.14473062e-001	
1.41007205e+002	6.14482402e-001	
1.41474116e+002	6.14491741e-001	
1.41941027e+002	6.14501081e-001	
1.42407939e+002	6.14510421e-001	
1.42874850e+002	6.14519761e-001	
1.43341761e+002	6.14529100e-001	
1.43808672e+002	6.14538440e-001	
1.44275584e+002	6.14547780e-001	
1.44742495e+002	6.14557119e-001	
1.45209406e+002	6.14566459e-001	
1.45676318e+002	6.14575799e-001	
1.46143229e+002	6.14585139e-001	
1.46610140e+002	6.14594478e-001	
1.47077051e+002	6.14603818e-001	
1.47543963e+002	6.14613158e-001	
1.48010874e+002	6.14622497e-001	
1.48477785e+002	6.14631837e-001	
1.48944696e+002	6.14641177e-001	
1.49411608e+002	6.14650517e-001	
1.49878519e+002	6.14659856e-001	
1.50345430e+002	6.14672245e-001	
1.50812342e+002	6.14684802e-001	
1.51279253e+002	6.14697359e-001	
1.51746164e+002	6.14709917e-001	
1.52213075e+002	6.14722474e-001	
1.52679987e+002	6.14735281e-001	
1.53146898e+002	6.14759751e-001	
1.53613809e+002	6.14784221e-001	
1.54080720e+002	6.14808691e-001	
1.54547632e+002	6.14833161e-001	
1.55014543e+002	6.14857631e-001	
1.55481454e+002	6.14882101e-001	
1.55948366e+002	6.14906571e-001	
1.56415277e+002	6.14931041e-001	
1.56882188e+002	6.14955511e-001	
1.57349099e+002	6.14979981e-001	
1.57816011e+002	6.15004451e-001	
1.58282922e+002	6.15028920e-001	
1.58749833e+002	6.15053390e-001	
1.59216744e+002	6.15077860e-001	
1.59683656e+002	6.15102330e-001	
1.60150567e+002	6.15126800e-001	
1.60617478e+002	6.15151270e-001	
1.61084390e+002	6.15175740e-001	
1.61551301e+002	6.15200210e-001	
1.62018212e+002	6.15224680e-001	
1.62485123e+002	6.15249150e-001	
1.62952035e+002	6.15273620e-001	
1.63418946e+002	6.15298089e-001	
1.63885857e+002	6.15322559e-001	
1.64352769e+002	6.15346338e-001	
1.64819680e+002	6.15368149e-001	
1.65286591e+002	6.15389961e-001	
1.65753502e+002	6.15411772e-001	
1.66220414e+002	6.15433584e-001	
1.66687325e+002	6.15455395e-001	
1.67154236e+002	6.15477207e-001	
1.67621147e+002	6.15507954e-001	
1.68088059e+002	6.15539292e-001	
1.68554970e+002	6.15570630e-001	
1.69021881e+002	6.15599188e-001	
1.69488793e+002	6.15627569e-001	
1.69955704e+002	6.15655950e-001	
1.70422615e+002	6.15684332e-001	
1.70889526e+002	6.15712713e-001	
1.71356438e+002	6.15741095e-001	
1.71823349e+002	6.15769476e-001	
1.72290260e+002	6.15797858e-001	
1.72757171e+002	6.15826239e-001	
1.73224083e+002	6.15854621e-001	
1.73690994e+002	6.15883002e-001	
1.74157905e+002	6.15911383e-001	
1.74624817e+002	6.15939765e-001	
1.75091728e+002	6.15968146e-001	
1.75558639e+002	6.15996528e-001	
1.76025550e+002	6.16024909e-001	
1.76492462e+002	6.16053291e-001	
1.76959373e+002	6.16081672e-001	
1.77426284e+002	6.16110054e-001	
1.77893195e+002	6.16138435e-001	
1.78360107e+002	6.16166817e-001	
1.78827018e+002	6.16195198e-001	
1.79293929e+002	6.16223579e-001	
1.79760841e+002	6.16251961e-001	
1.80227752e+002	6.16280342e-001	
1.80694663e+002	6.16308724e-001	
1.81161574e+002	6.16337105e-001	
1.81628486e+002	6.16365487e-001	
1.82095397e+002	6.16393868e-001	
1.82562308e+002	6.16422250e-001	
1.83029219e+002	6.16450631e-001	
1.83496131e+002	6.16479013e-001	
1.83963042e+002	6.16507394e-001	
1.84429953e+002	6.16535775e-001	
1.84896865e+002	6.16564157e-001	
1.85363776e+002	6.16592538e-001	
1.85830687e+002	6.16620920e-001	
1.86297598e+002	6.16660375e-001	
1.86764510e+002	6.16717656e-001	
1.87231421e+002	6.16774937e-001	
1.87698332e+002	6.16832218e-001	
1.88165243e+002	6.16889499e-001	
1.88632155e+002	6.16946779e-001	
1.89099066e+002	6.17004060e-001	
1.89565977e+002	6.17061341e-001	
1.90032889e+002	6.17118622e-001	
1.90499800e+002	6.17175902e-001	
1.90966711e+002	6.17233183e-001	
1.91433622e+002	6.17290464e-001	
1.91900534e+002	6.17347745e-001	
1.92367445e+002	6.17405026e-001	
1.92834356e+002	6.17462306e-001	
1.93301268e+002	6.17519587e-001	
1.93768179e+002	6.17572754e-001	
1.94235090e+002	6.17624997e-001	
1.94702001e+002	6.17677241e-001	
1.95168913e+002	6.17729484e-001	
1.95635824e+002	6.17781727e-001	
1.96102735e+002	6.17833970e-001	
1.96569646e+002	6.17886213e-001	
1.97036558e+002	6.17938456e-001	
1.97503469e+002	6.17990699e-001	
1.97970380e+002	6.18042942e-001	
1.98437292e+002	6.18095185e-001	
1.98904203e+002	6.18147428e-001	
1.99371114e+002	6.18199671e-001	
1.99838025e+002	6.18251914e-001	
2.00304937e+002	6.18304158e-001	
2.00771848e+002	6.18356401e-001	
2.01238759e+002	6.18408644e-001	
2.01705670e+002	6.18460887e-001	
2.02172582e+002	6.18513130e-001	
2.02639493e+002	6.18565373e-001	
2.03106404e+002	6.18617616e-001	
2.03573316e+002	6.18669859e-001	
2.04040227e+002	6.18722102e-001	
2.04507138e+002	6.18774345e-001	
2.04974049e+002	6.18828728e-001	
2.05440961e+002	6.18897490e-001	
2.05907872e+002	6.18966252e-001	
2.06374783e+002	6.19035014e-001	
2.06841694e+002	6.19103775e-001	
2.07308606e+002	6.19172537e-001	
2.07775517e+002	6.19241299e-001	
2.08242428e+002	6.19310061e-001	
2.08709340e+002	6.19378823e-001	
2.09176251e+002	6.19447584e-001	
2.09643162e+002	6.19516346e-001	
2.10110073e+002	6.19585108e-001	
2.10576985e+002	6.19653870e-001	
2.11043896e+002	6.19722632e-001	
2.11510807e+002	6.19791393e-001	
2.11977718e+002	6.19860155e-001	
2.12444630e+002	6.19928917e-001	
2.12911541e+002	6.19997679e-001	
2.13378452e+002	6.20066440e-001	
2.13845364e+002	6.20135202e-001	
2.14312275e+002	6.20203345e-001	
2.14779186e+002	6.20267543e-001	
2.15246097e+002	6.20331741e-001	
2.15713009e+002	6.20395940e-001	
2.16179920e+002	6.20462670e-001	
2.16646831e+002	6.20529500e-001	
2.17113742e+002	6.20596329e-001	
2.17580654e+002	6.20663159e-001	
2.18047565e+002	6.20729989e-001	
2.18514476e+002	6.20796818e-001	
2.18981388e+002	6.20863648e-001	
2.19448299e+002	6.20930477e-001	
2.19915210e+002	6.20997307e-001	
2.20382121e+002	6.21064136e-001	
2.20849033e+002	6.21130966e-001	
2.21315944e+002	6.21197796e-001	
2.21782855e+002	6.21264625e-001	
2.22249767e+002	6.21331455e-001	
2.22716678e+002	6.21403727e-001	
2.23183589e+002	6.21487206e-001	
2.23650500e+002	6.21570685e-001	
2.24117412e+002	6.21654163e-001	
2.24584323e+002	6.21737642e-001	
2.25051234e+002	6.21821121e-001	
2.25518145e+002	6.21904599e-001	
2.25985057e+002	6.21988078e-001	
2.26451968e+002	6.22071557e-001	
2.26918879e+002	6.22155036e-001	
2.27385791e+002	6.22238514e-001	
2.27852702e+002	6.22327042e-001	
2.28319613e+002	6.22419438e-001	
2.28786524e+002	6.22511835e-001	
2.29253436e+002	6.22604231e-001	
2.29720347e+002	6.22696628e-001	
2.30187258e+002	6.22789025e-001	
2.30654169e+002	6.22873444e-001	
2.31121081e+002	6.22951436e-001	
2.31587992e+002	6.23029428e-001	
2.32054903e+002	6.23107419e-001	
2.32521815e+002	6.23185411e-001	
2.32988726e+002	6.23263403e-001	
2.33455637e+002	6.23341395e-001	
2.33922548e+002	6.23419386e-001	
2.34389460e+002	6.23497378e-001	
2.34856371e+002	6.23581111e-001	
2.35323282e+002	6.23668054e-001	
2.35790193e+002	6.23754997e-001	
2.36257105e+002	6.23841940e-001	
2.36724016e+002	6.23928883e-001	
2.37190927e+002	6.24015826e-001	
2.37657839e+002	6.24108323e-001	
2.38124750e+002	6.24202663e-001	
2.38591661e+002	6.24297002e-001	
2.39058572e+002	6.24391342e-001	
2.39525484e+002	6.24485681e-001	
2.39992395e+002	6.24580021e-001	
2.40459306e+002	6.24674634e-001	
2.40926217e+002	6.24772994e-001	
2.41393129e+002	6.24871353e-001	
2.41860040e+002	6.24969713e-001	
2.42326951e+002	6.25068072e-001	
2.42793863e+002	6.25166432e-001	
2.43260774e+002	6.25264791e-001	
2.43727685e+002	6.25368563e-001	
2.44194596e+002	6.25474225e-001	
2.44661508e+002	6.25579140e-001	
2.45128419e+002	6.25666280e-001	
2.45595330e+002	6.25753420e-001	
2.46062241e+002	6.25840560e-001	
2.46529153e+002	6.25927700e-001	
2.46996064e+002	6.26014840e-001	
2.47462975e+002	6.26102460e-001	
2.47929887e+002	6.26190791e-001	
2.48396798e+002	6.26279122e-001	
2.48863709e+002	6.26367453e-001	
2.49330620e+002	6.26460051e-001	
2.49797532e+002	6.26566372e-001	
2.50264443e+002	6.26670084e-001	
2.50731354e+002	6.26771039e-001	
2.51198266e+002	6.26871994e-001	
2.51665177e+002	6.26972949e-001	
2.52132088e+002	6.27073904e-001	
2.52598999e+002	6.27174859e-001	
2.53065911e+002	6.27274570e-001	
2.53532822e+002	6.27379046e-001	
2.53999733e+002	6.27481009e-001	
2.54466644e+002	6.27582973e-001	
2.54933556e+002	6.27684937e-001	
2.55400467e+002	6.27786900e-001	
2.55867378e+002	6.27886029e-001	
2.56334290e+002	6.27977986e-001	
2.56801201e+002	6.28065780e-001	
2.57268112e+002	6.28156742e-001	
2.57735023e+002	6.28258940e-001	
2.58201935e+002	6.28373122e-001	
2.58668846e+002	6.28485542e-001	
2.59135757e+002	5.97192641e-001	
2.59602668e+002	5.50895787e-001	
2.60069580e+002	4.50264966e-001	
2.60536491e+002	2.46897875e-001	
2.61003402e+002	5.83146027e-002	
2.61470314e+002	-9.98674119e-003	
2.61937225e+002	-9.85864704e-003	
2.62404136e+002	-9.75949805e-003	
2.62871047e+002	-9.65413542e-003	
2.63337959e+002	-9.56063295e-003	
2.63804870e+002	-9.47444056e-003	
2.64271781e+002	-9.39322787e-003	
2.64738692e+002	-9.31171451e-003	
2.65205604e+002	-9.21052231e-003	
2.65672515e+002	-9.10585714e-003	
2.66139426e+002	-8.99410783e-003	
2.66606338e+002	-8.88322225e-003	
2.67073249e+002	-8.78154591e-003	
2.67540160e+002	-8.67986958e-003	
2.68007071e+002	-8.57625956e-003	
2.68473983e+002	-8.47119940e-003	
2.68940894e+002	-8.36613925e-003	
2.69407805e+002	-8.26107909e-003	
2.69874716e+002	-8.15601893e-003	
2.70341628e+002	-8.05244822e-003	
2.70808539e+002	-7.96040187e-003	
2.71275450e+002	-7.86835553e-003	
2.71742362e+002	-7.77630919e-003	
2.72209273e+002	-7.68426285e-003	
2.72676184e+002	-7.59221650e-003	
2.73143095e+002	-7.50017016e-003	
2.73610007e+002	-7.40812382e-003	
2.74076918e+002	-7.30740173e-003	
2.74543829e+002	-7.20236818e-003	
2.75010740e+002	-7.10122643e-003	
2.75477652e+002	-7.00008468e-003	
2.75944563e+002	-6.89894293e-003	
2.76411474e+002	-6.79780119e-003	
2.76878386e+002	-6.69665944e-003	
2.77345297e+002	-6.59521938e-003	
2.77812208e+002	-6.49375317e-003	
2.78279119e+002	-6.39228695e-003	
2.78746031e+002	-6.29082074e-003	
2.79212942e+002	-6.18935453e-003	
2.79679853e+002	-6.08788831e-003	
2.80146765e+002	-5.98642210e-003	
2.80613676e+002	-5.88495589e-003	
2.81080587e+002	-5.77442449e-003	
2.81547498e+002	-5.66280942e-003	
2.82014410e+002	-5.59487775e-003	
2.82481321e+002	-5.54546199e-003	
2.82948232e+002	-5.49604623e-003	
2.83415143e+002	-5.44663048e-003	
2.83882055e+002	-5.39721472e-003	
2.84348966e+002	-5.34779896e-003	
2.84815877e+002	-5.29838320e-003	
2.85282789e+002	-5.24896744e-003	
2.85749700e+002	-5.19955168e-003	
2.86216611e+002	-5.15013593e-003	
2.86683522e+002	-5.10072017e-003	
2.87150434e+002	-5.05130441e-003	
2.87617345e+002	-5.00188865e-003	
2.88084256e+002	-4.95247289e-003	
2.88551167e+002	-4.90305713e-003	
2.89018079e+002	-4.85364138e-003	
2.89484990e+002	-4.80422562e-003	
2.89951901e+002	-4.75480986e-003	
2.90418813e+002	-4.70539410e-003	
2.90885724e+002	-4.65597834e-003	
2.91352635e+002	-1.65357819e+000	
2.91819546e+002	-1.65358089e+000	
2.92286458e+002	-1.65358360e+000	
2.92753369e+002	-1.65358630e+000	
2.93220280e+002	-1.65358900e+000	
2.93687191e+002	-1.65359171e+000	
2.94154103e+002	-1.65359441e+000	
2.94621014e+002	-1.65359711e+000	
2.95087925e+002	-1.65359982e+000	
2.95554837e+002	-1.65360252e+000	
2.96021748e+002	-1.65360523e+000	
2.96488659e+002	-1.65360793e+000	
2.96955570e+002	-1.65361063e+000	
2.97422482e+002	-1.65361334e+000	
2.97889393e+002	-1.65361604e+000	
2.98356304e+002	-1.65361874e+000	
2.98823215e+002	-1.65362145e+000	
2.99290127e+002	-1.65362415e+000	
2.99757038e+002	-1.65362686e+000	
3.00223949e+002	-1.65362956e+000	
3.00690861e+002	-1.65362984e+000	
3.01157772e+002	-1.65362298e+000	
3.01624683e+002	-1.65361611e+000	
3.02091594e+002	-1.65360925e+000	
3.02558506e+002	-1.65360239e+000	
3.03025417e+002	-1.65359552e+000	
3.03492328e+002	-1.65358866e+000	
3.03959239e+002	-1.65358180e+000	
3.04426151e+002	-1.65357494e+000	
3.04893062e+002	-1.65356798e+000	
3.05359973e+002	-1.65356026e+000	
3.05826885e+002	-1.65355254e+000	
3.06293796e+002	-1.65354482e+000	
3.06760707e+002	-1.65353710e+000	
3.07227618e+002	-1.65352938e+000	
3.07694530e+002	-1.65352166e+000	
3.08161441e+002	-1.65351394e+000	
3.08628352e+002	-1.65350622e+000	
3.09095264e+002	-1.65349850e+000	
3.09562175e+002	-1.65349146e+000	
3.10029086e+002	-1.65348578e+000	
3.10495997e+002	-1.65348010e+000	
3.10962909e+002	-1.65347442e+000	
3.11429820e+002	-1.65346874e+000	
3.11896731e+002	-1.65346306e+000	
3.12363642e+002	-1.65345739e+000	
3.12830554e+002	-1.65345171e+000	
3.13297465e+002	-1.65344603e+000	
3.13764376e+002	-1.65344035e+000	
3.14231288e+002	-1.65343467e+000	
3.14698199e+002	-1.65342877e+000	
3.15165110e+002	-1.65342045e+000	
3.15632021e+002	-1.65341212e+000	
3.16098933e+002	-1.65340380e+000	
3.16565844e+002	-1.65339547e+000	
3.17032755e+002	-1.65338715e+000	
3.17499666e+002	-1.65337883e+000	
3.17966578e+002	-1.65337050e+000	
3.18433489e+002	-1.65336218e+000	
3.18900400e+002	-1.65335386e+000	
3.19367312e+002	-1.65334553e+000	
3.19834223e+002	-1.65333985e+000	
3.20301134e+002	-1.65333727e+000	
3.20768045e+002	-1.65333469e+000	
3.21234957e+002	-1.65333210e+000	
3.21701868e+002	-1.65332952e+000	
3.22168779e+002	-1.65332693e+000	
3.22635690e+002	-1.65332435e+000	
3.23102602e+002	-1.65332176e+000	
3.23569513e+002	-1.65331918e+000	
3.24036424e+002	-1.65331659e+000	
3.24503336e+002	-1.65331401e+000	
3.24970247e+002	-1.65331142e+000	
3.25437158e+002	-1.65330884e+000	
3.25904069e+002	-1.65330625e+000	
3.26370981e+002	-1.65330367e+000	
3.26837892e+002	-1.65330109e+000	
3.27304803e+002	-1.65329850e+000	
3.27771714e+002	-1.65329592e+000	
3.28238626e+002	-1.65329333e+000	
3.28705537e+002	-1.65329075e+000	
3.29172448e+002	-1.65328816e+000	
3.29639360e+002	-1.65328558e+000	
3.30106271e+002	-1.65328299e+000	
3.30573182e+002	-1.65328041e+000	
3.31040093e+002	-3.47926251e-003	
3.31507005e+002	-3.47586933e-003	
3.31973916e+002	-3.47247615e-003	
3.32440827e+002	-3.46908298e-003	
3.32907738e+002	-3.46568980e-003	
3.33374650e+002	-3.46229663e-003	
3.33841561e+002	-3.45890345e-003	
3.34308472e+002	-3.45551027e-003	
3.34775384e+002	-3.45211710e-003	
3.35242295e+002	-3.44872392e-003	
3.35709206e+002	-3.44533075e-003	
3.36176117e+002	-3.44193757e-003	
3.36643029e+002	-3.43854439e-003	
3.37109940e+002	-3.43515122e-003	
3.37576851e+002	-3.43175804e-003	
3.38043763e+002	-3.42836487e-003	
3.38510674e+002	-3.42497169e-003	
3.38977585e+002	-3.42157851e-003	
3.39444496e+002	-3.41818534e-003	
3.39911408e+002	-3.41479216e-003	
3.40378319e+002	-3.41139899e-003	
3.40845230e+002	-3.40800581e-003	
3.41312141e+002	-3.40461263e-003	
3.41779053e+002	-3.40121946e-003	
3.42245964e+002	-3.39782628e-003	
3.42712875e+002	-3.39443311e-003	
3.43179787e+002	-3.39103993e-003	
3.43646698e+002	-3.38764675e-003	
3.44113609e+002	-3.38425358e-003	
3.44580520e+002	-3.38086040e-003	
3.45047432e+002	-3.37746723e-003	
3.45514343e+002	-3.36953940e-003	
3.45981254e+002	-3.35894811e-003	
3.46448165e+002	-3.34835683e-003	
3.46915077e+002	-3.33776554e-003	
3.47381988e+002	-3.32717425e-003	
3.47848899e+002	-3.31658297e-003	
3.48315811e+002	-3.30599168e-003	
3.48782722e+002	-3.29540039e-003	
3.49249633e+002	-3.28480911e-003	
3.49716544e+002	-3.27421782e-003	
3.50183456e+002	-3.26362653e-003	
3.50650367e+002	-3.25303525e-003	
3.51117278e+002	-3.24244396e-003	
3.51584189e+002	-3.23185268e-003	
3.52051101e+002	-3.22126139e-003	
3.52518012e+002	-3.21067010e-003	
3.52984923e+002	-3.20007882e-003	
3.53451835e+002	-3.18948753e-003	
3.53918746e+002	-3.17889624e-003	
3.54385657e+002	-3.16830496e-003	
3.54852568e+002	-3.15771367e-003	
3.55319480e+002	-3.14712238e-003	
3.55786391e+002	-3.13653110e-003	
3.56253302e+002	-3.12593981e-003	
3.56720213e+002	-3.11534853e-003	
3.57187125e+002	-3.10475724e-003	
3.57654036e+002	-3.09416595e-003	
3.58120947e+002	-3.08357467e-003	
3.58587859e+002	-3.07298338e-003	
3.59054770e+002	-3.06239209e-003	
3.59521681e+002	-3.05180081e-003	
3.59988592e+002	-3.04344955e-003	
3.60455504e+002	-3.03585866e-003	
3.60922415e+002	-3.02826777e-003	
3.61389326e+002	-3.02067689e-003	
3.61856237e+002	-3.01308600e-003	
3.62323149e+002	-3.00549512e-003	
3.62790060e+002	-2.99790423e-003	
3.63256971e+002	-2.99031334e-003	
3.63723883e+002	-2.98272246e-003	
3.64190794e+002	-2.97513157e-003	
3.64657705e+002	-2.96754069e-003	
3.65124616e+002	-2.95994980e-003	
3.65591528e+002	-2.95235891e-003	
3.66058439e+002	-2.94476803e-003	
3.66525350e+002	-2.93717714e-003	
3.66992262e+002	-2.92958626e-003	
3.67459173e+002	-2.92199537e-003	
3.67926084e+002	-2.91440448e-003	
3.68392995e+002	-2.90681360e-003	
3.68859907e+002	-2.89922271e-003	
3.69326818e+002	-2.89163183e-003	
3.69793729e+002	-2.88404094e-003	
3.70260640e+002	-2.87645005e-003	
3.70727552e+002	-2.86885917e-003	
3.71194463e+002	-2.86126828e-003	
3.71661374e+002	-2.85367739e-003	
3.72128286e+002	-2.84608651e-003	
3.72595197e+002	-2.83849562e-003	
3.73062108e+002	-2.83090474e-003	
3.73529019e+002	-2.82331385e-003	
3.73995931e+002	-2.81572296e-003	
3.74462842e+002	-2.80813208e-003	
3.74929753e+002	-2.80054119e-003	
3.75396664e+002	-2.79295031e-003	
3.75863576e+002	-2.78535942e-003	
3.76330487e+002	-2.77776853e-003	
3.76797398e+002	-2.77017765e-003	
3.77264310e+002	-2.76258676e-003	
3.77731221e+002	-2.75499588e-003	
3.78198132e+002	-2.74740499e-003	
3.78665043e+002	-2.73981410e-003	
3.79131955e+002	-2.73222322e-003	
3.79598866e+002	-2.72463233e-003	
3.80065777e+002	-2.71704145e-003	
3.80532688e+002	-2.70945056e-003	
3.80999600e+002	-2.70185967e-003	
3.81466511e+002	-2.69445581e-003	
3.81933422e+002	-2.68735859e-003	
3.82400334e+002	-2.68026136e-003	
3.82867245e+002	-2.67316414e-003	
3.83334156e+002	-2.66606692e-003	
3.83801067e+002	-2.65896970e-003	
3.84267979e+002	-2.65187248e-003	
3.84734890e+002	-2.64477526e-003	
3.85201801e+002	-2.63767804e-003	
3.85668712e+002	-2.63058082e-003	
3.86135624e+002	-2.62348360e-003	
3.86602535e+002	-2.61638638e-003	
3.87069446e+002	-2.60928916e-003	
3.87536358e+002	-2.60219194e-003	
3.88003269e+002	-2.59509472e-003	
3.88470180e+002	-2.58799750e-003	
3.88937091e+002	-2.58090028e-003	
3.89404003e+002	-2.57380306e-003	
3.89870914e+002	-2.56670583e-003	
3.90337825e+002	-2.55960861e-003	
3.90804736e+002	-2.55251139e-003	
3.91271648e+002	-2.54541417e-003	
3.91738559e+002	-2.53761221e-003	
3.92205470e+002	-2.52930472e-003	
3.92672382e+002	-2.52099722e-003	
3.93139293e+002	-2.51268972e-003	
3.93606204e+002	-2.50438222e-003	
3.94073115e+002	-2.49607473e-003	
3.94540027e+002	-2.48776723e-003	
3.95006938e+002	-2.47945973e-003	
3.95473849e+002	-2.47115223e-003	
3.95940761e+002	-2.46284474e-003	
3.96407672e+002	-2.45453724e-003	
3.96874583e+002	-2.44622974e-003	
3.97341494e+002	-2.43792225e-003	
3.97808406e+002	-2.43177701e-003	
3.98275317e+002	-2.42586980e-003	
3.98742228e+002	-2.41996259e-003	
3.99209139e+002	-2.41405538e-003	
3.99676051e+002	-2.40814816e-003	
4.00142962e+002	-2.40224095e-003	
4.00609873e+002	-2.39633374e-003	
4.01076785e+002	-2.39042653e-003	
4.01543696e+002	-2.38451931e-003	
4.02010607e+002	-2.37861210e-003	
4.02477518e+002	-2.37270489e-003	
4.02944430e+002	-2.36679768e-003	
4.03411341e+002	-2.36089046e-003	
4.03878252e+002	-2.35498325e-003	
4.04345163e+002	-2.34907604e-003	
4.04812075e+002	-2.34316883e-003	
4.05278986e+002	-2.33726161e-003	
4.05745897e+002	-2.33135440e-003	
4.06212809e+002	-2.32544719e-003	
4.06679720e+002	-2.31953998e-003	
4.07146631e+002	-2.31363276e-003	
4.07613542e+002	-2.30772555e-003	
4.08080454e+002	-2.30181834e-003	
4.08547365e+002	-2.29591113e-003	
4.09014276e+002	-2.29000391e-003	
4.09481187e+002	-2.28409670e-003	
4.09948099e+002	-2.27818949e-003	
4.10415010e+002	-2.27228228e-003	
4.10881921e+002	-2.26637506e-003	
4.11348833e+002	-2.26046785e-003	
4.11815744e+002	-2.25456064e-003	
4.12282655e+002	-2.24865343e-003	
4.12749566e+002	-2.24274621e-003	
4.13216478e+002	-2.23683900e-003	
4.13683389e+002	-2.23074202e-003	
4.14150300e+002	-2.22452432e-003	
4.14617211e+002	-2.21830661e-003	
4.15084123e+002	-2.21193418e-003	
4.15551034e+002	-2.20508598e-003	
4.16017945e+002	-2.19877817e-003	
4.16484857e+002	-2.19247037e-003	
4.16951768e+002	-2.18616256e-003	
4.17418679e+002	-2.17985476e-003	
4.17885590e+002	-2.17354695e-003	
4.18352502e+002	-2.16723915e-003	
4.18819413e+002	-2.16093134e-003	
4.19286324e+002	-2.15462354e-003	
4.19753235e+002	-2.14831574e-003	
4.20220147e+002	-2.14200793e-003	
4.20687058e+002	-2.13570013e-003	
4.21153969e+002	-2.12939232e-003	
4.21620881e+002	-2.12308452e-003	
4.22087792e+002	-2.11677671e-003	
4.22554703e+002	-2.11046891e-003	
4.23021614e+002	-2.10416110e-003	
4.23488526e+002	-2.09785330e-003	
4.23955437e+002	-2.09154549e-003	
4.24422348e+002	-2.08523769e-003	
4.24889260e+002	-2.07892988e-003	
4.25356171e+002	-2.07262208e-003	
4.25823082e+002	-2.06631428e-003	
4.26289993e+002	-2.06000647e-003	
4.26756905e+002	-2.05369867e-003	
4.27223816e+002	-2.04739086e-003	
4.27690727e+002	-2.04108306e-003	
4.28157638e+002	-2.03477525e-003	
4.28624550e+002	-2.02846745e-003	
4.29091461e+002	-2.02215964e-003	
4.29558372e+002	-2.01585184e-003	
4.30025284e+002	-2.00954403e-003	
4.30492195e+002	-2.00323623e-003	
4.30959106e+002	-1.99692843e-003	
4.31426017e+002	-1.99108318e-003	
4.31892929e+002	-1.98614887e-003	
4.32359840e+002	-1.98121455e-003	
4.32826751e+002	-1.97628023e-003	
4.33293662e+002	-1.97150246e-003	
4.33760574e+002	-1.96692275e-003	
4.34227485e+002	-1.96234304e-003	
4.34694396e+002	-1.95776332e-003	
4.35161308e+002	-1.95318361e-003	
4.35628219e+002	-1.94860390e-003	
4.36095130e+002	-1.94402418e-003	
4.36562041e+002	-1.93944447e-003	
4.37028953e+002	-1.93486476e-003	
4.37495864e+002	-1.93028504e-003	
4.37962775e+002	-1.92570533e-003	
4.38429686e+002	-1.92112562e-003	
4.38896598e+002	-1.91654590e-003	
4.39363509e+002	-1.91196619e-003	
4.39830420e+002	-1.90738648e-003	
4.40297332e+002	-1.90280676e-003	
4.40764243e+002	-1.89822705e-003	
4.41231154e+002	-1.89364734e-003	
4.41698065e+002	-1.88906762e-003	
4.42164977e+002	-1.88448791e-003	
4.42631888e+002	-1.87990820e-003	
4.43098799e+002	-1.87532848e-003	
4.43565710e+002	-1.87074877e-003	
4.44032622e+002	-1.86616906e-003	
4.44499533e+002	-1.86158934e-003	
4.44966444e+002	-1.85700963e-003	
4.45433356e+002	-1.85286590e-003	
4.45900267e+002	-1.84907542e-003	
4.46367178e+002	-1.84528494e-003	
4.46834089e+002	-1.84149447e-003	
4.47301001e+002	-1.83770399e-003	
4.47767912e+002	-1.83391351e-003	
4.48234823e+002	-1.83012304e-003	
4.48701734e+002	-1.82633256e-003	
4.49168646e+002	-1.82254209e-003	
4.49635557e+002	-1.81875161e-003	
4.50102468e+002	-1.81496113e-003	
4.50569380e+002	-1.81098225e-003	
4.51036291e+002	-1.80689875e-003	
4.51503202e+002	-1.80281524e-003	
4.51970113e+002	-1.79873174e-003	
4.52437025e+002	-1.79464823e-003	
4.52903936e+002	-1.79056473e-003	
4.53370847e+002	-1.78648122e-003	
4.53837759e+002	-1.78239772e-003	
4.54304670e+002	-1.77831421e-003	
4.54771581e+002	-1.77423071e-003	
4.55238492e+002	-1.77014720e-003	
4.55705404e+002	-1.76606370e-003	
4.56172315e+002	-1.76198019e-003	
4.56639226e+002	-1.75789668e-003	
4.57106137e+002	-1.75381318e-003	
4.57573049e+002	-1.74972967e-003	
4.58039960e+002	-1.74564617e-003	
4.58506871e+002	-1.74156266e-003	
4.58973783e+002	-1.73747916e-003	
4.59440694e+002	-1.73339565e-003	
4.59907605e+002	-1.72931215e-003	
4.60374516e+002	-1.72522864e-003	
4.60841428e+002	-1.72114514e-003	
4.61308339e+002	-1.71706163e-003	
4.61775250e+002	-1.71297813e-003	
4.62242161e+002	-1.70914902e-003	
4.62709073e+002	-1.70565137e-003	
4.63175984e+002	-1.70215372e-003	
4.63642895e+002	-1.69865608e-003	
4.64109807e+002	-1.69515843e-003	
4.64576718e+002	-1.69166078e-003	
4.65043629e+002	-1.68816313e-003	
4.65510540e+002	-1.68466548e-003	
4.65977452e+002	-1.68116783e-003	
4.66444363e+002	-1.67767018e-003	
4.66911274e+002	-1.67417253e-003	
4.67378185e+002	-1.67067488e-003	
4.67845097e+002	-1.66717723e-003	
4.68312008e+002	-1.66367958e-003	
4.68778919e+002	-1.66018193e-003	
4.69245831e+002	-1.65663945e-003	
4.69712742e+002	-1.65244765e-003	
4.70179653e+002	-1.64825586e-003	
4.70646564e+002	-1.64406406e-003	
4.71113476e+002	-1.63987226e-003	
4.71580387e+002	-1.63568047e-003	
4.72047298e+002	-1.63148867e-003	
4.72514209e+002	-1.62729687e-003	
4.72981121e+002	-1.62310507e-003	
4.73448032e+002	-1.61891328e-003	
4.73914943e+002	-1.61472148e-003	
4.74381855e+002	-1.61052968e-003	
4.74848766e+002	-1.60633789e-003	
4.75315677e+002	-1.60214609e-003	
4.75782588e+002	-1.59795429e-003	
4.76249500e+002	-1.59376250e-003	
4.76716411e+002	-1.58957070e-003	
4.77183322e+002	-1.58537890e-003	
4.77650233e+002	-1.58118710e-003	
4.78117145e+002	-1.57699531e-003	
4.78584056e+002	-1.57280351e-003	
4.79050967e+002	-1.56861171e-003	
4.79517879e+002	-1.56441992e-003	
4.79984790e+002	-1.56022812e-003	
4.80451701e+002	-1.55597351e-003	
4.80918612e+002	-1.55165847e-003	
4.81385524e+002	-1.54734343e-003	
4.81852435e+002	-1.54302839e-003	
4.82319346e+002	-1.53871335e-003	
4.82786258e+002	-1.53439831e-003	
4.83253169e+002	-1.53008328e-003	
4.83720080e+002	-1.52576824e-003	
4.84186991e+002	-1.52218259e-003	
4.84653903e+002	-1.51902544e-003	
4.85120814e+002	-1.51586830e-003	
4.85587725e+002	-1.51271115e-003	
4.86054636e+002	-1.50955400e-003	
4.86521548e+002	-1.50639685e-003	
4.86988459e+002	-1.50323970e-003	
4.87455370e+002	-1.50008256e-003	
4.87922282e+002	-1.49692541e-003	
4.88389193e+002	-1.49393230e-003	
4.88856104e+002	-1.49117027e-003	
4.89323015e+002	-1.48840825e-003	
4.89789927e+002	-1.48564622e-003	
4.90256838e+002	-1.48288419e-003	
4.90723749e+002	-1.48012217e-003	
4.91190660e+002	-1.47736014e-003	
4.91657572e+002	-1.47459811e-003	
4.92124483e+002	-1.47183609e-003	
4.92591394e+002	-1.46907406e-003	
4.93058306e+002	-1.46631203e-003	
4.93525217e+002	-1.46355001e-003	
4.93992128e+002	-1.46078798e-003	
4.94459039e+002	-1.45802595e-003	
4.94925951e+002	-1.45526393e-003	
4.95392862e+002	-1.45250190e-003	
4.95859773e+002	-1.44973987e-003	
4.96326684e+002	-1.44697785e-003	
4.96793596e+002	-1.44421582e-003	
4.97260507e+002	-1.44145380e-003	
4.97727418e+002	-1.43869177e-003	
4.98194330e+002	-1.43592974e-003	
4.98661241e+002	-1.43316772e-003	
4.99128152e+002	-1.43040569e-003	
4.99595063e+002	-1.42764366e-003	
5.00061975e+002	-1.42488164e-003	
5.00528886e+002	-1.42211961e-003	
5.00995797e+002	-1.41935758e-003	
5.01462708e+002	-1.41659556e-003	
5.01929620e+002	-1.41383353e-003	
5.02396531e+002	-1.41107150e-003	
5.02863442e+002	-1.40830948e-003	
5.03330354e+002	-1.40554745e-003	
5.03797265e+002	-1.40278542e-003	
5.04264176e+002	-1.39997164e-003	
5.04731087e+002	-1.39706729e-003	
5.05197999e+002	-1.39416294e-003	
5.05664910e+002	-1.39125859e-003	
5.06131821e+002	-1.38849107e-003	
5.06598732e+002	-1.38571938e-003	
5.07065644e+002	-1.38294764e-003	
5.07532555e+002	-1.38010513e-003	
5.07999466e+002	-1.37726262e-003	
5.08466378e+002	-1.37442011e-003	
5.08933289e+002	-1.37157760e-003	
5.09400200e+002	-1.36873509e-003	
5.09867111e+002	-1.36589258e-003	
5.10334023e+002	-1.36305007e-003	
5.10800934e+002	-1.36020756e-003	
5.11267845e+002	-1.35736504e-003	
5.11734757e+002	-1.35452253e-003	
5.12201668e+002	-1.35168002e-003	
5.12668579e+002	-1.34883751e-003	
5.13135490e+002	-1.34599500e-003	
5.13602402e+002	-1.34315249e-003	
5.14069313e+002	-1.34030998e-003	
5.14536224e+002	-1.33746747e-003	
5.15003135e+002	-1.33462496e-003	
5.15470047e+002	-1.33178245e-003	
5.15936958e+002	-1.32893994e-003	
5.16403869e+002	-1.32609743e-003	
5.16870781e+002	-1.32325492e-003	
5.17337692e+002	-1.32041241e-003	
5.17804603e+002	-1.31756990e-003	
5.18271514e+002	-1.31472739e-003	
5.18738426e+002	-1.31188488e-003	
5.19205337e+002	-1.30904237e-003	
5.19672248e+002	-1.30619986e-003	
5.20139159e+002	-1.30335735e-003	
5.20606071e+002	-1.30051484e-003	
5.21072982e+002	-1.29767233e-003	
5.21539893e+002	-1.29482982e-003	
5.22006805e+002	-1.29198731e-003	
5.22473716e+002	-1.28914480e-003	
5.22940627e+002	-1.28630229e-003	
5.23407538e+002	-1.28347167e-003	
5.23874450e+002	-1.28128273e-003	
5.24341361e+002	-1.27909379e-003	
5.24808272e+002	-1.27690485e-003	
5.25275183e+002	-1.27471591e-003	
5.25742095e+002	-1.27252697e-003	
5.26209006e+002	-1.27033803e-003	
5.26675917e+002	-1.26814909e-003	
5.27142829e+002	-1.26596015e-003	
5.27609740e+002	-1.26373038e-003	
5.28076651e+002	-1.26132098e-003	
5.28543562e+002	-1.25891159e-003	
5.29010474e+002	-1.25650220e-003	
5.29477385e+002	-1.25409280e-003	
5.29944296e+002	-1.25168341e-003	
5.30411207e+002	-1.24927402e-003	
5.30878119e+002	-1.24686463e-003	
5.31345030e+002	-1.24445523e-003	
5.31811941e+002	-1.24204584e-003	
5.32278853e+002	-1.23963645e-003	
5.32745764e+002	-1.23722705e-003	
5.33212675e+002	-1.23481766e-003	
5.33679586e+002	-1.23240827e-003	
5.34146498e+002	-1.22999887e-003	
5.34613409e+002	-1.22758948e-003	
5.35080320e+002	-1.22518009e-003	
5.35547231e+002	-1.22277070e-003	
5.36014143e+002	-1.22036130e-003	
5.36481054e+002	-1.21795191e-003	
5.36947965e+002	-1.21554252e-003	
5.37414877e+002	-1.21313312e-003	
5.37881788e+002	-1.21072373e-003	
5.38348699e+002	-1.20831434e-003	
5.38815610e+002	-1.20590495e-003	
5.39282522e+002	-1.20349555e-003	
5.39749433e+002	-1.20110703e-003	
5.40216344e+002	-1.19920382e-003	
5.40683256e+002	-1.19730061e-003	
5.41150167e+002	-1.19539740e-003	
5.41617078e+002	-1.19349419e-003	
5.42083989e+002	-1.19159098e-003	
5.42550901e+002	-1.18968777e-003	
5.43017812e+002	-1.18778456e-003	
5.43484723e+002	-1.18588135e-003	
5.43951634e+002	-1.18409861e-003	
5.44418546e+002	-1.18240873e-003	
5.44885457e+002	-1.18071886e-003	
5.45352368e+002	-1.17902899e-003	
5.45819280e+002	-1.17733912e-003	
5.46286191e+002	-1.17564924e-003	
5.46753102e+002	-1.17395937e-003	
5.47220013e+002	-1.17226950e-003	
5.47686925e+002	-1.17057963e-003	
5.48153836e+002	-1.16888975e-003	
5.48620747e+002	-1.16719988e-003	
5.49087658e+002	-1.16551001e-003	
5.49554570e+002	-1.16382014e-003	
5.50021481e+002	-1.16213026e-003	
5.50488392e+002	-1.16044039e-003	
5.50955304e+002	-1.15875052e-003	
5.51422215e+002	-1.15706065e-003	
5.51889126e+002	-1.15537077e-003	
5.52356037e+002	-1.15368090e-003	
5.52822949e+002	-1.15199103e-003	
5.53289860e+002	-1.15030116e-003	
5.53756771e+002	-1.14861128e-003	
5.54223682e+002	-1.14692141e-003	
5.54690594e+002	-1.14523154e-003	
5.55157505e+002	-1.14354166e-003	
5.55624416e+002	-1.14185179e-003	
5.56091328e+002	-1.14016192e-003	
5.56558239e+002	-1.13847205e-003	
5.57025150e+002	-1.13678217e-003	
5.57492061e+002	-1.13511516e-003	
5.57958973e+002	-1.13345107e-003	
5.58425884e+002	-1.13178699e-003	
5.58892795e+002	-1.13012290e-003	
5.59359706e+002	-1.12845882e-003	
5.59826618e+002	-1.12679473e-003	
5.60293529e+002	-1.12513064e-003	
5.60760440e+002	-1.12346656e-003	
5.61227352e+002	-1.12180247e-003	
5.61694263e+002	-1.12013838e-003	
5.62161174e+002	-1.11847430e-003	
5.62628085e+002	-1.11681021e-003	
5.63094997e+002	-1.11514613e-003	
5.63561908e+002	-1.11348204e-003	
5.64028819e+002	-1.11174179e-003	
5.64495730e+002	-1.10995332e-003	
5.64962642e+002	-1.10816486e-003	
5.65429553e+002	-1.10637639e-003	
5.65896464e+002	-1.10458793e-003	
5.66363376e+002	-1.10279946e-003	
5.66830287e+002	-1.10101100e-003	
5.67297198e+002	-1.09922253e-003	
5.67764109e+002	-1.09743407e-003	
5.68231021e+002	-1.09564560e-003	
5.68697932e+002	-1.09385714e-003	
5.69164843e+002	-1.09206867e-003	
5.69631755e+002	-1.09028021e-003	
5.70098666e+002	-1.08849174e-003	
5.70565577e+002	-1.08670328e-003	
5.71032488e+002	-1.08491481e-003	
5.71499400e+002	-1.08312635e-003	
5.71966311e+002	-1.08133788e-003	
5.72433222e+002	-1.07954942e-003	
5.72900133e+002	-1.07776095e-003	
5.73367045e+002	-1.07597249e-003	
5.73833956e+002	-1.07418402e-003	
5.74300867e+002	-1.07239556e-003	
5.74767779e+002	-1.07060709e-003	
5.75234690e+002	-1.06881862e-003	
5.75701601e+002	-1.06703016e-003	
5.76168512e+002	-1.06524169e-003	
5.76635424e+002	-1.06345323e-003	
5.77102335e+002	-1.06166476e-003	
5.77569246e+002	-1.05987265e-003	
5.78036157e+002	-1.05801479e-003	
5.78503069e+002	-1.05615694e-003	
5.78969980e+002	-1.05429909e-003	
5.79436891e+002	-1.05244123e-003	
5.79903803e+002	-1.05058338e-003	
5.80370714e+002	-1.04872553e-003	
5.80837625e+002	-1.04686767e-003	
5.81304536e+002	-1.04500982e-003	
5.81771448e+002	-1.04315197e-003	
5.82238359e+002	-1.04129412e-003	
5.82705270e+002	-1.03943626e-003	
5.83172181e+002	-1.03757841e-003	
5.83639093e+002	-1.03572056e-003	
5.84106004e+002	-1.03386270e-003	
5.84572915e+002	-1.03200485e-003	
5.85039827e+002	-1.03017849e-003	
5.85506738e+002	-1.02861419e-003	
5.85973649e+002	-1.02704989e-003	
5.86440560e+002	-1.02548559e-003	
5.86907472e+002	-1.02392129e-003	
5.87374383e+002	-1.02235699e-003	
5.87841294e+002	-1.02079269e-003	
5.88308205e+002	-1.01922839e-003	
5.88775117e+002	-1.01766409e-003	
5.89242028e+002	-1.01609979e-003	
5.89708939e+002	-1.01453549e-003	
5.90175851e+002	-1.01297119e-003	
5.90642762e+002	-1.01140689e-003	
5.91109673e+002	-1.00984259e-003	
5.91576584e+002	-1.00827829e-003	
5.92043496e+002	-1.00671399e-003	
5.92510407e+002	-1.00516022e-003	
5.92977318e+002	-1.00376429e-003	
5.93444229e+002	-1.00236836e-003	
5.93911141e+002	-1.00097243e-003	
5.94378052e+002	-9.99576501e-004	
5.94844963e+002	-9.98180572e-004	
5.95311875e+002	-9.96784643e-004	
5.95778786e+002	-9.95388714e-004	
5.96245697e+002	-9.93992785e-004	
5.96712608e+002	-9.92596856e-004	
5.97179520e+002	-9.91200928e-004	
5.97646431e+002	-9.89804999e-004	
5.98113342e+002	-9.88409070e-004	
5.98580254e+002	-9.87013141e-004	
5.99047165e+002	-9.85617212e-004	
5.99514076e+002	-9.84268492e-004	
5.99980987e+002	-9.82947182e-004	
6.00447899e+002	-9.81625872e-004	
6.00914810e+002	-9.80304562e-004	
6.01381721e+002	-9.78983252e-004	
6.01848632e+002	-9.77661942e-004	
6.02315544e+002	-9.76340632e-004	
6.02782455e+002	-9.75019322e-004	
6.03249366e+002	-9.73698012e-004	
6.03716278e+002	-9.72376702e-004	
6.04183189e+002	-9.71055392e-004	
6.04650100e+002	-9.69734082e-004	
6.05117011e+002	-9.68412772e-004	
6.05583923e+002	-9.67091462e-004	
6.06050834e+002	-9.65770152e-004	
6.06517745e+002	-9.64448842e-004	
6.06984656e+002	-9.63127532e-004	
6.07451568e+002	-9.61806222e-004	
6.07918479e+002	-9.60603934e-004	
6.08385390e+002	-9.59455744e-004	
6.08852302e+002	-9.58307553e-004	
6.09319213e+002	-9.57159363e-004	
6.09786124e+002	-9.56011172e-004	
6.10253035e+002	-9.54862982e-004	
6.10719947e+002	-9.53714791e-004	
6.11186858e+002	-9.52566601e-004	
6.11653769e+002	-9.51418411e-004	
6.12120680e+002	-9.50270220e-004	
6.12587592e+002	-9.49122030e-004	
6.13054503e+002	-9.47973839e-004	
6.13521414e+002	-9.46825649e-004	
6.13988326e+002	-9.45677458e-004	
6.14455237e+002	-9.44529268e-004	
6.14922148e+002	-9.43381077e-004	
6.15389059e+002	-9.42232887e-004	
6.15855971e+002	-9.41044413e-004	
6.16322882e+002	-9.39782575e-004	
6.16789793e+002	-9.38520738e-004	
6.17256704e+002	-9.37258900e-004	
6.17723616e+002	-9.35997063e-004	
6.18190527e+002	-9.34735225e-004	
6.18657438e+002	-9.33473388e-004	
6.19124350e+002	-9.32536677e-004	
6.19591261e+002	-9.31610516e-004	
6.20058172e+002	-9.30684356e-004	
6.20525083e+002	-9.29758195e-004	
6.20991995e+002	-9.28832034e-004	
6.21458906e+002	-9.27905874e-004	
6.21925817e+002	-9.26979713e-004	
6.22392728e+002	-9.26053553e-004	
6.22859640e+002	-9.25127392e-004	
6.23326551e+002	-9.24201231e-004	
6.23793462e+002	-9.23275071e-004	
6.24260374e+002	-9.22294805e-004	
6.24727285e+002	-9.21290712e-004	
6.25194196e+002	-9.20286620e-004	
6.25661107e+002	-9.19282527e-004	
6.26128019e+002	-9.18278434e-004	
6.26594930e+002	-9.17274341e-004	
6.27061841e+002	-9.16270248e-004	
6.27528753e+002	-9.15266155e-004	
6.27995664e+002	-9.14262062e-004	
6.28462575e+002	-9.13257970e-004	
6.28929486e+002	-9.12253877e-004	
6.29396398e+002	-9.11249784e-004	
6.29863309e+002	-9.10245691e-004	
6.30330220e+002	-9.09241598e-004	
6.30797131e+002	-9.08237505e-004	
6.31264043e+002	-9.07164514e-004	
6.31730954e+002	-9.06087911e-004	
6.32197865e+002	-9.05011308e-004	
6.32664777e+002	-9.03934705e-004	
6.33131688e+002	-9.02858102e-004	
6.33598599e+002	-9.01781499e-004	
6.34065510e+002	-9.00704896e-004	
6.34532422e+002	-8.99598524e-004	
6.34999333e+002	-8.98477608e-004	
6.35466244e+002	-8.97356692e-004	
6.35933155e+002	-8.96235776e-004	
6.36400067e+002	-8.95114859e-004	
6.36866978e+002	-8.93993943e-004	
6.37333889e+002	-8.92873027e-004	
6.37800801e+002	-8.91752110e-004	
6.38267712e+002	-8.90631194e-004	
6.38734623e+002	-8.89510278e-004	
6.39201534e+002	-8.88389362e-004	
6.39668446e+002	-8.87268445e-004	
6.40135357e+002	-8.86147529e-004	
6.40602268e+002	-8.85026613e-004	
6.41069179e+002	-8.83905697e-004	
6.41536091e+002	-8.82784780e-004	
6.42003002e+002	-8.81663864e-004	
6.42469913e+002	-8.80542948e-004	
6.42936825e+002	-8.79422031e-004	
6.43403736e+002	-8.78301115e-004	
6.43870647e+002	-8.77180199e-004	
6.44337558e+002	-8.76059283e-004	
6.44804470e+002	-8.75104578e-004	
6.45271381e+002	-8.74156354e-004	
6.45738292e+002	-8.73208130e-004	
6.46205203e+002	-8.72259906e-004	
6.46672115e+002	-8.71311682e-004	
6.47139026e+002	-8.70363458e-004	
6.47605937e+002	-8.69415234e-004	
6.48072849e+002	-8.68467010e-004	
6.48539760e+002	-8.67518786e-004	
6.49006671e+002	-8.66570562e-004	
6.49473582e+002	-8.65622338e-004	
6.49940494e+002	-8.64674114e-004	
6.50407405e+002	-8.63725889e-004	
6.50874316e+002	-8.62777665e-004	
6.51341227e+002	-8.61829441e-004	
6.51808139e+002	-8.60881217e-004	
6.52275050e+002	-8.59932993e-004	
6.52741961e+002	-8.58984769e-004	
6.53208873e+002	-8.58036545e-004	
6.53675784e+002	-8.57088321e-004	
6.54142695e+002	-8.56140097e-004	
6.54609606e+002	-8.55191873e-004	
6.55076518e+002	-8.54243649e-004	
6.55543429e+002	-8.53295425e-004	
6.56010340e+002	-8.52347200e-004	
6.56477252e+002	-8.51398976e-004	
6.56944163e+002	-8.50450752e-004	
6.57411074e+002	-8.49502528e-004	
6.57877985e+002	-8.48554304e-004	
6.58344897e+002	-8.47597275e-004	
6.58811808e+002	-8.46545263e-004	
6.59278719e+002	-8.45493250e-004	
6.59745630e+002	-8.44441238e-004	
6.60212542e+002	-8.43389226e-004	
6.60679453e+002	-8.42337214e-004	
6.61146364e+002	-8.41285201e-004	
6.61613276e+002	-8.40466441e-004	
6.62080187e+002	-8.39758429e-004	
6.62547098e+002	-8.39050417e-004	
6.63014009e+002	-8.38342405e-004	
6.63480921e+002	-8.37634393e-004	
6.63947832e+002	-8.36926381e-004	
6.64414743e+002	-8.36218369e-004	
6.64881654e+002	-8.35510357e-004	
6.65348566e+002	-8.34802345e-004	
6.65815477e+002	-8.34094333e-004	
6.66282388e+002	-8.33386321e-004	
6.66749300e+002	-8.32678309e-004	
6.67216211e+002	-8.31970297e-004	
6.67683122e+002	-8.31262285e-004	
6.68150033e+002	-8.30554273e-004	
6.68616945e+002	-8.29846261e-004	
6.69083856e+002	-8.29138249e-004	
6.69550767e+002	-8.28430237e-004	
6.70017678e+002	-8.27716026e-004	
6.70484590e+002	-8.27000041e-004	
6.70951501e+002	-8.26284057e-004	
6.71418412e+002	-8.25568072e-004	
6.71885324e+002	-8.24852088e-004	
6.72352235e+002	-8.24136103e-004	
6.72819146e+002	-8.23420119e-004	
6.73286057e+002	-8.22704134e-004	
6.73752969e+002	-8.21988150e-004	
6.74219880e+002	-8.21272165e-004	
6.74686791e+002	-8.20556181e-004	
6.75153702e+002	-8.19840196e-004	
6.75620614e+002	-8.19124212e-004	
6.76087525e+002	-8.18408227e-004	
6.76554436e+002	-8.17706346e-004	
6.77021348e+002	-8.17097125e-004	
6.77488259e+002	-8.16487905e-004	
6.77955170e+002	-8.15878684e-004	
6.78422081e+002	-8.15269464e-004	
6.78888993e+002	-8.14660243e-004	
6.79355904e+002	-8.14051023e-004	
6.79822815e+002	-8.13441802e-004	
6.80289726e+002	-8.12830251e-004	
6.80756638e+002	-8.12191395e-004	
6.81223549e+002	-8.11552538e-004	
6.81690460e+002	-8.10913682e-004	
6.82157372e+002	-8.10274825e-004	
6.82624283e+002	-8.09635968e-004	
6.83091194e+002	-8.08997112e-004	
6.83558105e+002	-8.08358255e-004	
6.84025017e+002	-8.07719399e-004	
6.84491928e+002	-8.07080542e-004	
6.84958839e+002	-8.06441685e-004	
6.85425751e+002	-8.05802829e-004	
6.85892662e+002	-8.05163972e-004	
6.86359573e+002	-8.04525116e-004	
6.86826484e+002	-8.03886259e-004	
6.87293396e+002	-8.03247403e-004	
6.87760307e+002	-8.02608546e-004	
6.88227218e+002	-8.01969689e-004	
6.88694129e+002	-8.01330833e-004	
6.89161041e+002	-8.00691976e-004	
6.89627952e+002	-8.00053120e-004	
6.90094863e+002	-7.99414263e-004	
6.90561775e+002	-7.98775406e-004	
6.91028686e+002	-7.98136550e-004	
6.91495597e+002	-7.97497693e-004	
6.91962508e+002	-7.96858837e-004	
6.92429420e+002	-7.96219410e-004	
6.92896331e+002	-7.95563723e-004	
6.93363242e+002	-7.94908036e-004	
6.93830153e+002	-7.94252349e-004	
6.94297065e+002	-7.93596662e-004	
6.94763976e+002	-7.92940976e-004	
6.95230887e+002	-7.92285289e-004	
6.95697799e+002	-7.91629602e-004	
6.96164710e+002	-7.90973915e-004	
6.96631621e+002	-7.90318228e-004	
6.97098532e+002	-7.89662541e-004	
6.97565444e+002	-7.89006854e-004	
6.98032355e+002	-7.88351167e-004	
6.98499266e+002	-7.87695480e-004	
6.98966177e+002	-7.87039793e-004	
6.99433089e+002	-7.86384107e-004	
6.99900000e+002	-7.85728420e-004	
