0.00000000e+000	1.14385784e-007	
4.66911274e-001	6.48491957e-007	
9.33822548e-001	1.18259813e-006	
1.40073382e+000	1.71670430e-006	
1.86764510e+000	2.25081047e-006	
2.33455637e+000	2.78491665e-006	
2.80146765e+000	3.31902282e-006	
3.26837892e+000	3.85312899e-006	
3.73529019e+000	4.38723516e-006	
4.20220147e+000	4.92134133e-006	
4.66911274e+000	5.45544751e-006	
5.13602402e+000	5.98955368e-006	
5.60293529e+000	6.52365985e-006	
6.06984656e+000	7.05776602e-006	
6.53675784e+000	7.59187220e-006	
7.00366911e+000	8.12597837e-006	
7.47058039e+000	8.66008454e-006	
7.93749166e+000	9.19419071e-006	
8.40440294e+000	9.72829688e-006	
8.87131421e+000	1.02624031e-005	
9.33822548e+000	1.07965092e-005	
9.80513676e+000	1.13306154e-005	
1.02720480e+001	1.18647216e-005	
1.07389593e+001	1.23988277e-005	
1.12058706e+001	1.29329339e-005	
1.16727819e+001	1.34670401e-005	
1.21396931e+001	1.40011463e-005	
1.26066044e+001	1.45352524e-005	
1.30735157e+001	1.50693586e-005	
1.35404270e+001	1.56034648e-005	
1.40073382e+001	1.61375710e-005	
1.44742495e+001	1.66716771e-005	
1.49411608e+001	1.72057833e-005	
1.54080720e+001	1.77398895e-005	
1.58749833e+001	1.82739956e-005	
1.63418946e+001	1.88081018e-005	
1.68088059e+001	1.93422080e-005	
1.72757171e+001	1.85953668e-005	
1.77426284e+001	1.73121002e-005	
1.82095397e+001	1.60288335e-005	
1.86764510e+001	1.47455668e-005	
1.91433622e+001	1.34623002e-005	
1.96102735e+001	1.21790335e-005	
2.00771848e+001	1.08957668e-005	
2.05440961e+001	9.61250018e-006	
2.10110073e+001	8.32923352e-006	
2.14779186e+001	7.04596685e-006	
2.19448299e+001	5.76270018e-006	
2.24117412e+001	4.47943352e-006	
2.28786524e+001	3.19616685e-006	
2.33455637e+001	3.13627967e-006	
2.38124750e+001	3.27865231e-006	
2.42793863e+001	3.42102496e-006	
2.47462975e+001	3.56339760e-006	
2.52132088e+001	3.70577024e-006	
2.56801201e+001	3.84814289e-006	
2.61470314e+001	3.99051553e-006	
2.66139426e+001	4.13288818e-006	
2.70808539e+001	4.27526082e-006	
2.75477652e+001	4.41763347e-006	
2.80146765e+001	4.56000611e-006	
2.84815877e+001	4.70237876e-006	
2.89484990e+001	4.84475140e-006	
2.94154103e+001	4.98712405e-006	
2.98823215e+001	5.12949669e-006	
3.03492328e+001	5.27186934e-006	
3.08161441e+001	5.41424198e-006	
3.12830554e+001	5.55661463e-006	
3.17499666e+001	5.69898727e-006	
3.22168779e+001	5.84135992e-006	
3.26837892e+001	5.98373256e-006	
3.31507005e+001	6.12610520e-006	
3.36176117e+001	6.26847785e-006	
3.40845230e+001	6.41085049e-006	
3.45514343e+001	6.55322314e-006	
3.50183456e+001	6.69559578e-006	
3.54852568e+001	5.48260410e-006	
3.59521681e+001	3.25909333e-006	
3.64190794e+001	1.03558255e-006	
3.68859907e+001	-1.18792822e-006	
3.73529019e+001	-3.02790992e-006	
3.78198132e+001	-2.74412758e-006	
3.82867245e+001	-2.46034524e-006	
3.87536358e+001	-2.17656290e-006	
3.92205470e+001	-1.89278056e-006	
3.96874583e+001	-1.60899822e-006	
4.01543696e+001	-1.32521588e-006	
4.06212809e+001	-1.04143354e-006	
4.10881921e+001	-7.57651203e-007	
4.15551034e+001	-4.73868863e-007	
4.20220147e+001	-1.90086523e-007	
4.24889260e+001	9.36958175e-008	
4.29558372e+001	3.77478158e-007	
4.34227485e+001	6.61260498e-007	
4.38896598e+001	9.45042838e-007	
4.43565710e+001	1.58531995e-006	
4.48234823e+001	2.32743341e-006	
4.52903936e+001	3.06954687e-006	
4.57573049e+001	3.81166033e-006	
4.62242161e+001	4.55377379e-006	
4.66911274e+001	5.29588725e-006	
4.71580387e+001	6.03800070e-006	
4.76249500e+001	6.78011416e-006	
4.80918612e+001	7.52222762e-006	
4.85587725e+001	8.26434108e-006	
4.90256838e+001	9.00645454e-006	
4.94925951e+001	9.74856800e-006	
4.99595063e+001	1.04906815e-005	
5.04264176e+001	1.12327949e-005	
5.08933289e+001	1.19749084e-005	
5.13602402e+001	1.27170218e-005	
5.18271514e+001	1.34591353e-005	
5.22940627e+001	1.42012487e-005	
5.27609740e+001	1.52484716e-005	
5.32278853e+001	1.71059269e-005	
5.36947965e+001	1.89633822e-005	
5.41617078e+001	2.08208375e-005	
5.46286191e+001	2.26782928e-005	
5.50955304e+001	2.45357481e-005	
5.55624416e+001	2.63932034e-005	
5.60293529e+001	2.82506587e-005	
5.64962642e+001	3.01081140e-005	
5.69631755e+001	3.19655693e-005	
5.74300867e+001	3.37272815e-005	
5.78969980e+001	3.42788716e-005	
5.83639093e+001	3.48304616e-005	
5.88308205e+001	3.53820517e-005	
5.92977318e+001	3.59336417e-005	
5.97646431e+001	3.64852318e-005	
6.02315544e+001	3.70368218e-005	
6.06984656e+001	3.75884119e-005	
6.11653769e+001	3.81400019e-005	
6.16322882e+001	3.86915919e-005	
6.20991995e+001	3.92431820e-005	
6.25661107e+001	3.97947720e-005	
6.30330220e+001	4.03463621e-005	
6.34999333e+001	4.08979521e-005	
6.39668446e+001	4.14495422e-005	
6.44337558e+001	4.20011322e-005	
6.49006671e+001	4.25527222e-005	
6.53675784e+001	4.31043123e-005	
6.58344897e+001	4.36559023e-005	
6.63014009e+001	4.24291455e-005	
6.67683122e+001	4.08581101e-005	
6.72352235e+001	3.92870746e-005	
6.77021348e+001	3.77160392e-005	
6.81690460e+001	3.61450038e-005	
6.86359573e+001	3.45739683e-005	
6.91028686e+001	3.30029329e-005	
6.95697799e+001	3.14318975e-005	
7.00366911e+001	2.98608620e-005	
7.05036024e+001	2.82898266e-005	
7.09705137e+001	2.67187912e-005	
7.14374249e+001	2.51477557e-005	
7.19043362e+001	2.35767203e-005	
7.23712475e+001	2.20056849e-005	
7.28381588e+001	2.04346494e-005	
7.33050700e+001	1.88636140e-005	
7.37719813e+001	1.72925786e-005	
7.42388926e+001	1.57215431e-005	
7.47058039e+001	1.45888095e-005	
7.51727151e+001	1.36651620e-005	
7.56396264e+001	1.27415144e-005	
7.61065377e+001	1.18178669e-005	
7.65734490e+001	1.08942194e-005	
7.70403602e+001	9.97057186e-006	
7.75072715e+001	9.04692434e-006	
7.79741828e+001	8.12327681e-006	
7.84410941e+001	7.19962929e-006	
7.89080053e+001	6.27598177e-006	
7.93749166e+001	5.35233424e-006	
7.98418279e+001	4.42868672e-006	
8.03087392e+001	3.50503919e-006	
8.07756504e+001	2.58139167e-006	
8.12425617e+001	1.65774414e-006	
8.17094730e+001	7.34096617e-007	
8.21763843e+001	-1.89550908e-007	
8.26432955e+001	-1.11319843e-006	
8.31102068e+001	-2.03684596e-006	
8.35771181e+001	-2.96049348e-006	
8.40440294e+001	-3.88414101e-006	
8.45109406e+001	-4.80778853e-006	
8.49778519e+001	-5.73143606e-006	
8.54447632e+001	-6.65508358e-006	
8.59116744e+001	-7.57873111e-006	
8.63785857e+001	-8.50237863e-006	
8.68454970e+001	-9.42602616e-006	
8.73124083e+001	-1.03496737e-005	
8.77793195e+001	-1.12733212e-005	
8.82462308e+001	-1.21969687e-005	
8.87131421e+001	-1.31206163e-005	
8.91800534e+001	-1.40442638e-005	
8.96469646e+001	-1.49679113e-005	
9.01138759e+001	-1.57461090e-005	
9.05807872e+001	-1.64806643e-005	
9.10476985e+001	-1.72152197e-005	
9.15146097e+001	-1.79497750e-005	
9.19815210e+001	-1.86843304e-005	
9.24484323e+001	-1.94188857e-005	
9.29153436e+001	-2.01534411e-005	
9.33822548e+001	-2.08879965e-005	
9.38491661e+001	-2.16225518e-005	
9.43160774e+001	-2.23571072e-005	
9.47829887e+001	-2.29832859e-005	
9.52498999e+001	-2.14665359e-005	
9.57168112e+001	-1.99497860e-005	
9.61837225e+001	-1.84330361e-005	
9.66506338e+001	-1.69162862e-005	
9.71175450e+001	-1.53995362e-005	
9.75844563e+001	-1.38827863e-005	
9.80513676e+001	-1.23660364e-005	
9.85182789e+001	-1.08492865e-005	
9.89851901e+001	-9.33253654e-006	
9.94521014e+001	-7.81578661e-006	
9.99190127e+001	-6.29903669e-006	
1.00385924e+002	-4.78228676e-006	
1.00852835e+002	-3.26553684e-006	
1.01319746e+002	-1.74878691e-006	
1.01786658e+002	-2.32036990e-007	
1.02253569e+002	1.28471293e-006	
1.02720480e+002	2.80146286e-006	
1.03187392e+002	4.31821278e-006	
1.03654303e+002	5.83496271e-006	
1.04121214e+002	7.35171263e-006	
1.04588125e+002	8.86846256e-006	
1.05055037e+002	1.03852125e-005	
1.05521948e+002	1.19019624e-005	
1.05988859e+002	1.34187123e-005	
1.06455771e+002	1.49354623e-005	
1.06922682e+002	1.64522122e-005	
1.07389593e+002	1.79689621e-005	
1.07856504e+002	1.94857120e-005	
1.08323416e+002	2.10024620e-005	
1.08790327e+002	2.25192119e-005	
1.09257238e+002	2.40359618e-005	
1.09724149e+002	2.55527117e-005	
1.10191061e+002	2.70694617e-005	
1.10657972e+002	2.85862116e-005	
1.11124883e+002	3.01029615e-005	
1.11591795e+002	3.16197114e-005	
1.12058706e+002	3.31364613e-005	
1.12525617e+002	3.38510101e-005	
1.12992528e+002	3.07331374e-005	
1.13459440e+002	2.76152647e-005	
1.13926351e+002	2.44973920e-005	
1.14393262e+002	2.13795193e-005	
1.14860173e+002	1.82616466e-005	
1.15327085e+002	1.51437739e-005	
1.15793996e+002	1.20259013e-005	
1.16260907e+002	9.00848187e-006	
1.16727819e+002	6.35742526e-006	
1.17194730e+002	3.70636865e-006	
1.17661641e+002	1.05531205e-006	
1.18128552e+002	-1.59574456e-006	
1.18595464e+002	-4.24680117e-006	
1.19062375e+002	-6.89785778e-006	
1.19529286e+002	-9.54891439e-006	
1.19996197e+002	-1.21999710e-005	
1.20463109e+002	-1.48510276e-005	
1.20930020e+002	-1.75020842e-005	
1.21396931e+002	-1.89824349e-005	
1.21863843e+002	-1.84453685e-005	
1.22330754e+002	-1.79083021e-005	
1.22797665e+002	-1.73712357e-005	
1.23264576e+002	-1.68341693e-005	
1.23731488e+002	-1.62971029e-005	
1.24198399e+002	-1.57600365e-005	
1.24665310e+002	-1.52229701e-005	
1.25132221e+002	-1.46859037e-005	
1.25599133e+002	-1.41488373e-005	
1.26066044e+002	-1.36117708e-005	
1.26532955e+002	-1.30747044e-005	
1.26999867e+002	-1.25376380e-005	
1.27466778e+002	-1.20005716e-005	
1.27933689e+002	-1.14635052e-005	
1.28400600e+002	-1.09264388e-005	
1.28867512e+002	-1.03893724e-005	
1.29334423e+002	-9.85230603e-006	
1.29801334e+002	-9.31523963e-006	
1.30268245e+002	-6.54440104e-006	
1.30735157e+002	1.90601305e-007	
1.31202068e+002	6.92560365e-006	
1.31668979e+002	1.36606060e-005	
1.32135891e+002	2.03956083e-005	
1.32602802e+002	2.71306107e-005	
1.33069713e+002	3.38656130e-005	
1.33536624e+002	4.06006154e-005	
1.34003536e+002	4.73356177e-005	
1.34470447e+002	5.40706201e-005	
1.34937358e+002	6.08056224e-005	
1.35404270e+002	6.75406248e-005	
1.35871181e+002	7.26821418e-005	
1.36338092e+002	7.01322296e-005	
1.36805003e+002	6.75823174e-005	
1.37271915e+002	6.50324052e-005	
1.37738826e+002	6.24824930e-005	
1.38205737e+002	5.99325808e-005	
1.38672648e+002	5.73826686e-005	
1.39139560e+002	5.48327564e-005	
1.39606471e+002	5.22828442e-005	
1.40073382e+002	4.97329320e-005	
1.40540294e+002	4.71830198e-005	
1.41007205e+002	4.46331075e-005	
1.41474116e+002	4.20831953e-005	
1.41941027e+002	3.95332831e-005	
1.42407939e+002	3.69833709e-005	
1.42874850e+002	3.44334587e-005	
1.43341761e+002	3.18835465e-005	
1.43808672e+002	2.93336343e-005	
1.44275584e+002	2.67837221e-005	
1.44742495e+002	2.42338099e-005	
1.45209406e+002	2.16838977e-005	
1.45676318e+002	1.91339855e-005	
1.46143229e+002	1.65840733e-005	
1.46610140e+002	1.40341611e-005	
1.47077051e+002	1.14842489e-005	
1.47543963e+002	8.93433667e-006	
1.48010874e+002	6.38442446e-006	
1.48477785e+002	3.83451226e-006	
1.48944696e+002	1.28460005e-006	
1.49411608e+002	-1.26531215e-006	
1.49878519e+002	-3.81522436e-006	
1.50345430e+002	3.58262785e-006	
1.50812342e+002	1.15326077e-005	
1.51279253e+002	1.94825875e-005	
1.51746164e+002	2.74325674e-005	
1.52213075e+002	3.53825472e-005	
1.52679987e+002	4.31815200e-005	
1.53146898e+002	4.39298474e-005	
1.53613809e+002	4.46781748e-005	
1.54080720e+002	4.54265022e-005	
1.54547632e+002	4.61748296e-005	
1.55014543e+002	4.69231570e-005	
1.55481454e+002	4.76714844e-005	
1.55948366e+002	4.84198118e-005	
1.56415277e+002	4.91681392e-005	
1.56882188e+002	4.99164666e-005	
1.57349099e+002	5.06647940e-005	
1.57816011e+002	5.14131214e-005	
1.58282922e+002	5.21614488e-005	
1.58749833e+002	5.29097762e-005	
1.59216744e+002	5.36581036e-005	
1.59683656e+002	5.44064310e-005	
1.60150567e+002	5.51547584e-005	
1.60617478e+002	5.59030858e-005	
1.61084390e+002	5.66514132e-005	
1.61551301e+002	5.73997406e-005	
1.62018212e+002	5.81480680e-005	
1.62485123e+002	5.88963954e-005	
1.62952035e+002	5.96447228e-005	
1.63418946e+002	6.03930502e-005	
1.63885857e+002	6.11413776e-005	
1.64352769e+002	6.15025454e-005	
1.64819680e+002	6.07626190e-005	
1.65286591e+002	6.00226926e-005	
1.65753502e+002	5.92827662e-005	
1.66220414e+002	5.85428398e-005	
1.66687325e+002	5.78029135e-005	
1.67154236e+002	5.70629871e-005	
1.67621147e+002	4.98891068e-005	
1.68088059e+002	4.22899338e-005	
1.68554970e+002	3.46907608e-005	
1.69021881e+002	3.42240242e-005	
1.69488793e+002	3.42091826e-005	
1.69955704e+002	3.41943411e-005	
1.70422615e+002	3.41794995e-005	
1.70889526e+002	3.41646580e-005	
1.71356438e+002	3.41498164e-005	
1.71823349e+002	3.41349748e-005	
1.72290260e+002	3.41201333e-005	
1.72757171e+002	3.41052917e-005	
1.73224083e+002	3.40904501e-005	
1.73690994e+002	3.40756086e-005	
1.74157905e+002	3.40607670e-005	
1.74624817e+002	3.40459255e-005	
1.75091728e+002	3.40310839e-005	
1.75558639e+002	3.40162423e-005	
1.76025550e+002	3.40014008e-005	
1.76492462e+002	3.39865592e-005	
1.76959373e+002	3.39717176e-005	
1.77426284e+002	3.39568761e-005	
1.77893195e+002	3.39420345e-005	
1.78360107e+002	3.39271930e-005	
1.78827018e+002	3.39123514e-005	
1.79293929e+002	3.38975098e-005	
1.79760841e+002	3.38826683e-005	
1.80227752e+002	3.38678267e-005	
1.80694663e+002	3.38529851e-005	
1.81161574e+002	3.38381436e-005	
1.81628486e+002	3.38233020e-005	
1.82095397e+002	3.38084605e-005	
1.82562308e+002	3.37936189e-005	
1.83029219e+002	3.37787773e-005	
1.83496131e+002	3.37639358e-005	
1.83963042e+002	3.37490942e-005	
1.84429953e+002	3.37342526e-005	
1.84896865e+002	3.37194111e-005	
1.85363776e+002	3.37045695e-005	
1.85830687e+002	3.36897280e-005	
1.86297598e+002	3.49198582e-005	
1.86764510e+002	3.81539024e-005	
1.87231421e+002	4.13879466e-005	
1.87698332e+002	4.46219908e-005	
1.88165243e+002	4.78560350e-005	
1.88632155e+002	5.10900793e-005	
1.89099066e+002	5.43241235e-005	
1.89565977e+002	5.75581677e-005	
1.90032889e+002	6.07922119e-005	
1.90499800e+002	6.40262561e-005	
1.90966711e+002	6.72603004e-005	
1.91433622e+002	7.04943446e-005	
1.91900534e+002	7.37283888e-005	
1.92367445e+002	7.69624330e-005	
1.92834356e+002	8.01964772e-005	
1.93301268e+002	8.34305214e-005	
1.93768179e+002	7.75251596e-005	
1.94235090e+002	6.95667147e-005	
1.94702001e+002	6.16082697e-005	
1.95168913e+002	5.36498248e-005	
1.95635824e+002	4.56913799e-005	
1.96102735e+002	3.77329349e-005	
1.96569646e+002	2.97744900e-005	
1.97036558e+002	2.18160450e-005	
1.97503469e+002	1.38576001e-005	
1.97970380e+002	5.89915517e-006	
1.98437292e+002	-2.05928976e-006	
1.98904203e+002	-1.00177347e-005	
1.99371114e+002	-1.79761796e-005	
1.99838025e+002	-2.59346246e-005	
2.00304937e+002	-3.38930695e-005	
2.00771848e+002	-4.18515145e-005	
2.01238759e+002	-4.98099594e-005	
2.01705670e+002	-5.77684043e-005	
2.02172582e+002	-6.57268493e-005	
2.02639493e+002	-7.36852942e-005	
2.03106404e+002	-8.16437391e-005	
2.03573316e+002	-8.96021841e-005	
2.04040227e+002	-9.75606290e-005	
2.04507138e+002	-1.05519074e-004	
2.04974049e+002	-1.12611218e-004	
2.05440961e+002	-1.13882398e-004	
2.05907872e+002	-1.15153578e-004	
2.06374783e+002	-1.16424758e-004	
2.06841694e+002	-1.17695937e-004	
2.07308606e+002	-1.18967117e-004	
2.07775517e+002	-1.20238297e-004	
2.08242428e+002	-1.21509477e-004	
2.08709340e+002	-1.22780657e-004	
2.09176251e+002	-1.24051837e-004	
2.09643162e+002	-1.25323016e-004	
2.10110073e+002	-1.26594196e-004	
2.10576985e+002	-1.27865376e-004	
2.11043896e+002	-1.29136556e-004	
2.11510807e+002	-1.30407736e-004	
2.11977718e+002	-1.31678915e-004	
2.12444630e+002	-1.32950095e-004	
2.12911541e+002	-1.34221275e-004	
2.13378452e+002	-1.35492455e-004	
2.13845364e+002	-1.36763635e-004	
2.14312275e+002	-1.36590917e-004	
2.14779186e+002	-1.27225186e-004	
2.15246097e+002	-1.17859455e-004	
2.15713009e+002	-1.08493724e-004	
2.16179920e+002	-1.09787404e-004	
2.16646831e+002	-1.11497541e-004	
2.17113742e+002	-1.13207678e-004	
2.17580654e+002	-1.14917815e-004	
2.18047565e+002	-1.16627952e-004	
2.18514476e+002	-1.18338088e-004	
2.18981388e+002	-1.20048225e-004	
2.19448299e+002	-1.21758362e-004	
2.19915210e+002	-1.23468499e-004	
2.20382121e+002	-1.25178636e-004	
2.20849033e+002	-1.26888773e-004	
2.21315944e+002	-1.28598910e-004	
2.21782855e+002	-1.30309047e-004	
2.22249767e+002	-1.32019184e-004	
2.22716678e+002	-1.30750593e-004	
2.23183589e+002	-1.23348759e-004	
2.23650500e+002	-1.15946924e-004	
2.24117412e+002	-1.08545090e-004	
2.24584323e+002	-1.01143255e-004	
2.25051234e+002	-9.37414206e-005	
2.25518145e+002	-8.63395861e-005	
2.25985057e+002	-7.89377516e-005	
2.26451968e+002	-7.15359171e-005	
2.26918879e+002	-6.41340826e-005	
2.27385791e+002	-5.67322480e-005	
2.27852702e+002	-5.15275968e-005	
2.28319613e+002	-4.80069761e-005	
2.28786524e+002	-4.44863554e-005	
2.29253436e+002	-4.09657347e-005	
2.29720347e+002	-3.74451140e-005	
2.30187258e+002	-3.39244933e-005	
2.30654169e+002	-2.82892417e-005	
2.31121081e+002	-2.09501946e-005	
2.31587992e+002	-1.36111476e-005	
2.32054903e+002	-6.27210059e-006	
2.32521815e+002	1.06694643e-006	
2.32988726e+002	8.40599345e-006	
2.33455637e+002	1.57450405e-005	
2.33922548e+002	2.30840875e-005	
2.34389460e+002	3.04231345e-005	
2.34856371e+002	3.65343610e-005	
2.35323282e+002	4.19588969e-005	
2.35790193e+002	4.73834328e-005	
2.36257105e+002	5.28079687e-005	
2.36724016e+002	5.82325046e-005	
2.37190927e+002	6.36570405e-005	
2.37657839e+002	5.77316486e-005	
2.38124750e+002	4.80419644e-005	
2.38591661e+002	3.83522802e-005	
2.39058572e+002	2.86625960e-005	
2.39525484e+002	1.89729118e-005	
2.39992395e+002	9.28322763e-006	
2.40459306e+002	-2.93879743e-007	
2.40926217e+002	-8.33060675e-006	
2.41393129e+002	-1.63673337e-005	
2.41860040e+002	-2.44040608e-005	
2.42326951e+002	-3.24407878e-005	
2.42793863e+002	-4.04775148e-005	
2.43260774e+002	-4.85142418e-005	
2.43727685e+002	-5.45602579e-005	
2.44194596e+002	-5.99110668e-005	
2.44661508e+002	-6.46747372e-005	
2.45128419e+002	-5.54818691e-005	
2.45595330e+002	-4.62890010e-005	
2.46062241e+002	-3.70961329e-005	
2.46529153e+002	-2.79032648e-005	
2.46996064e+002	-1.87103967e-005	
2.47462975e+002	-7.96225826e-006	
2.47929887e+002	5.08597807e-006	
2.48396798e+002	1.81342144e-005	
2.48863709e+002	3.11824507e-005	
2.49330620e+002	3.80582387e-005	
2.49797532e+002	2.50835455e-005	
2.50264443e+002	1.67532827e-005	
2.50731354e+002	1.33326485e-005	
2.51198266e+002	9.91201433e-006	
2.51665177e+002	6.49138012e-006	
2.52132088e+002	3.07074591e-006	
2.52598999e+002	-3.49888296e-007	
2.53065911e+002	-1.86025424e-006	
2.53532822e+002	-7.48957294e-006	
2.53999733e+002	-1.02886342e-005	
2.54466644e+002	-1.30876955e-005	
2.54933556e+002	-1.58867567e-005	
2.55400467e+002	-1.86858180e-005	
2.55867378e+002	-1.52792640e-005	
2.56334290e+002	-2.23572666e-005	
2.56801201e+002	-1.67773905e-005	
2.57268112e+002	-1.02412473e-005	
2.57735023e+002	-6.88384839e-006	
2.58201935e+002	4.83019006e-006	
2.58668846e+002	2.02166501e-005	
2.59135757e+002	3.69316113e-005	
2.59602668e+002	5.37027667e-005	
2.60069580e+002	6.55320178e-005	
2.60536491e+002	-1.71385145e-004	
2.61003402e+002	-9.37532600e-004	
2.61470314e+002	-1.26039167e-003	
2.61937225e+002	1.57290736e-004	
2.62404136e+002	3.88689896e-006	
2.62871047e+002	1.03091728e-005	
2.63337959e+002	5.89836053e-006	
2.63804870e+002	-5.18949590e-006	
2.64271781e+002	4.04064979e-006	
2.64738692e+002	1.40475080e-005	
2.65205604e+002	4.70970068e-006	
2.65672515e+002	-4.19873705e-006	
2.66139426e+002	-1.22313477e-005	
2.66606338e+002	-2.03252954e-005	
2.67073249e+002	-2.90732283e-005	
2.67540160e+002	-3.78211613e-005	
2.68007071e+002	-4.12072319e-005	
2.68473983e+002	-4.05722572e-005	
2.68940894e+002	-3.99372825e-005	
2.69407805e+002	-3.93023078e-005	
2.69874716e+002	-3.86673331e-005	
2.70341628e+002	-3.96428697e-005	
2.70808539e+002	-5.30795148e-005	
2.71275450e+002	-6.65161598e-005	
2.71742362e+002	-7.99528049e-005	
2.72209273e+002	-9.33894500e-005	
2.72676184e+002	-1.06826095e-004	
2.73143095e+002	-1.20262740e-004	
2.73610007e+002	-1.33699385e-004	
2.74076918e+002	-1.39067311e-004	
2.74543829e+002	-1.39697523e-004	
2.75010740e+002	-1.33506999e-004	
2.75477652e+002	-1.27316475e-004	
2.75944563e+002	-1.21125951e-004	
2.76411474e+002	-1.14935427e-004	
2.76878386e+002	-1.08744903e-004	
2.77345297e+002	-9.82842067e-005	
2.77812208e+002	-8.74491724e-005	
2.78279119e+002	-7.66141381e-005	
2.78746031e+002	-6.57791038e-005	
2.79212942e+002	-5.49440695e-005	
2.79679853e+002	-4.41090352e-005	
2.80146765e+002	-3.32740009e-005	
2.80613676e+002	-2.24389666e-005	
2.81080587e+002	-2.34294500e-005	
2.81547498e+002	-2.58335837e-005	
2.82014410e+002	-2.74127476e-005	
2.82481321e+002	-2.86422350e-005	
2.82948232e+002	-2.98717223e-005	
2.83415143e+002	-3.11012096e-005	
2.83882055e+002	-3.23306969e-005	
2.84348966e+002	-3.35601842e-005	
2.84815877e+002	-3.47896716e-005	
2.85282789e+002	-3.60191589e-005	
2.85749700e+002	-3.72486462e-005	
2.86216611e+002	-3.84781335e-005	
2.86683522e+002	-3.97076208e-005	
2.87150434e+002	-4.09371081e-005	
2.87617345e+002	-4.21665955e-005	
2.88084256e+002	-4.33960828e-005	
2.88551167e+002	-4.46255701e-005	
2.89018079e+002	-4.58550574e-005	
2.89484990e+002	-4.70845447e-005	
2.89951901e+002	-4.83140321e-005	
2.90418813e+002	-4.95435194e-005	
2.90885724e+002	-5.07730067e-005	
2.91352635e+002	-5.18748861e-005	
2.91819546e+002	-5.29726597e-005	
2.92286458e+002	-5.40704334e-005	
2.92753369e+002	-5.51682070e-005	
2.93220280e+002	-5.62659806e-005	
2.93687191e+002	-5.73637542e-005	
2.94154103e+002	-5.84615278e-005	
2.94621014e+002	-5.95593015e-005	
2.95087925e+002	-6.06570751e-005	
2.95554837e+002	-6.17548487e-005	
2.96021748e+002	-6.28526223e-005	
2.96488659e+002	-6.39503959e-005	
2.96955570e+002	-6.50481696e-005	
2.97422482e+002	-6.61459432e-005	
2.97889393e+002	-6.72437168e-005	
2.98356304e+002	-6.83414904e-005	
2.98823215e+002	-6.94392640e-005	
2.99290127e+002	-7.05370377e-005	
2.99757038e+002	-7.16348113e-005	
3.00223949e+002	-7.27325849e-005	
3.00690861e+002	-7.51823547e-005	
3.01157772e+002	-8.16148603e-005	
3.01624683e+002	-8.80473659e-005	
3.02091594e+002	-9.44798715e-005	
3.02558506e+002	-1.00912377e-004	
3.03025417e+002	-1.07344883e-004	
3.03492328e+002	-1.13777388e-004	
3.03959239e+002	-1.20209894e-004	
3.04426151e+002	-1.26642399e-004	
3.04893062e+002	-1.31251580e-004	
3.05359973e+002	-1.21701033e-004	
3.05826885e+002	-1.12150486e-004	
3.06293796e+002	-1.02599940e-004	
3.06760707e+002	-9.30493929e-005	
3.07227618e+002	-8.34988462e-005	
3.07694530e+002	-7.39482994e-005	
3.08161441e+002	-6.43977526e-005	
3.08628352e+002	-5.48472059e-005	
3.09095264e+002	-4.52966591e-005	
3.09562175e+002	-4.10178687e-005	
3.10029086e+002	-4.72207146e-005	
3.10495997e+002	-5.34235604e-005	
3.10962909e+002	-5.96264063e-005	
3.11429820e+002	-6.58292521e-005	
3.11896731e+002	-7.20320979e-005	
3.12363642e+002	-7.82349438e-005	
3.12830554e+002	-8.44377896e-005	
3.13297465e+002	-9.06406355e-005	
3.13764376e+002	-9.68434813e-005	
3.14231288e+002	-1.03046327e-004	
3.14698199e+002	-1.08117466e-004	
3.15165110e+002	-1.00899770e-004	
3.15632021e+002	-9.36820732e-005	
3.16098933e+002	-8.64643766e-005	
3.16565844e+002	-7.92466800e-005	
3.17032755e+002	-7.20289834e-005	
3.17499666e+002	-6.48112868e-005	
3.17966578e+002	-5.75935902e-005	
3.18433489e+002	-5.03758936e-005	
3.18900400e+002	-4.31581970e-005	
3.19367312e+002	-3.59405003e-005	
3.19834223e+002	-3.15215858e-005	
3.20301134e+002	-3.03710698e-005	
3.20768045e+002	-2.92205538e-005	
3.21234957e+002	-2.80700378e-005	
3.21701868e+002	-2.69195219e-005	
3.22168779e+002	-2.57690059e-005	
3.22635690e+002	-2.46184899e-005	
3.23102602e+002	-2.34679739e-005	
3.23569513e+002	-2.23174580e-005	
3.24036424e+002	-2.11669420e-005	
3.24503336e+002	-2.00164260e-005	
3.24970247e+002	-1.88659100e-005	
3.25437158e+002	-1.77153941e-005	
3.25904069e+002	-1.65648781e-005	
3.26370981e+002	-1.54143621e-005	
3.26837892e+002	-1.42638461e-005	
3.27304803e+002	-1.31133302e-005	
3.27771714e+002	-1.19628142e-005	
3.28238626e+002	-1.08122982e-005	
3.28705537e+002	-9.66178223e-006	
3.29172448e+002	-8.51126625e-006	
3.29639360e+002	-7.36075028e-006	
3.30106271e+002	-6.21023430e-006	
3.30573182e+002	-5.05971833e-006	
3.31040093e+002	-4.21774394e-006	
3.31507005e+002	-4.09539453e-006	
3.31973916e+002	-3.97304511e-006	
3.32440827e+002	-3.85069569e-006	
3.32907738e+002	-3.72834628e-006	
3.33374650e+002	-3.60599686e-006	
3.33841561e+002	-3.48364744e-006	
3.34308472e+002	-3.36129802e-006	
3.34775384e+002	-3.23894861e-006	
3.35242295e+002	-3.11659919e-006	
3.35709206e+002	-2.99424977e-006	
3.36176117e+002	-2.87190036e-006	
3.36643029e+002	-2.74955094e-006	
3.37109940e+002	-2.62720152e-006	
3.37576851e+002	-2.50485210e-006	
3.38043763e+002	-2.38250269e-006	
3.38510674e+002	-2.26015327e-006	
3.38977585e+002	-2.13780385e-006	
3.39444496e+002	-2.01545444e-006	
3.39911408e+002	-1.89310502e-006	
3.40378319e+002	-1.77075560e-006	
3.40845230e+002	-1.64840618e-006	
3.41312141e+002	-1.52605677e-006	
3.41779053e+002	-1.40370735e-006	
3.42245964e+002	-1.28135793e-006	
3.42712875e+002	-1.15900851e-006	
3.43179787e+002	-1.03665910e-006	
3.43646698e+002	-9.14309681e-007	
3.44113609e+002	-7.91960264e-007	
3.44580520e+002	-6.69610846e-007	
3.45047432e+002	-5.47261429e-007	
3.45514343e+002	-1.20714255e-007	
3.45981254e+002	4.84505658e-007	
3.46448165e+002	1.08972557e-006	
3.46915077e+002	1.69494549e-006	
3.47381988e+002	2.30016540e-006	
3.47848899e+002	2.90538531e-006	
3.48315811e+002	3.51060523e-006	
3.48782722e+002	4.11582514e-006	
3.49249633e+002	4.72104505e-006	
3.49716544e+002	5.32626497e-006	
3.50183456e+002	5.93148488e-006	
3.50650367e+002	6.53670479e-006	
3.51117278e+002	7.14192471e-006	
3.51584189e+002	7.74714462e-006	
3.52051101e+002	8.35236453e-006	
3.52518012e+002	8.95758445e-006	
3.52984923e+002	9.56280436e-006	
3.53451835e+002	1.01680243e-005	
3.53918746e+002	1.07732442e-005	
3.54385657e+002	1.13784641e-005	
3.54852568e+002	1.19836840e-005	
3.55319480e+002	1.25889039e-005	
3.55786391e+002	1.31941238e-005	
3.56253302e+002	1.37993438e-005	
3.56720213e+002	1.44045637e-005	
3.57187125e+002	1.50097836e-005	
3.57654036e+002	1.56150035e-005	
3.58120947e+002	1.62202234e-005	
3.58587859e+002	1.68254433e-005	
3.59054770e+002	1.74306632e-005	
3.59521681e+002	1.80358832e-005	
3.59988592e+002	1.76911624e-005	
3.60455504e+002	1.70221079e-005	
3.60922415e+002	1.63530535e-005	
3.61389326e+002	1.56839990e-005	
3.61856237e+002	1.50149446e-005	
3.62323149e+002	1.43458901e-005	
3.62790060e+002	1.36768357e-005	
3.63256971e+002	1.30077812e-005	
3.63723883e+002	1.23387267e-005	
3.64190794e+002	1.16696723e-005	
3.64657705e+002	1.10006178e-005	
3.65124616e+002	1.03315634e-005	
3.65591528e+002	9.66250893e-006	
3.66058439e+002	8.99345448e-006	
3.66525350e+002	8.32440003e-006	
3.66992262e+002	7.65534557e-006	
3.67459173e+002	6.98629112e-006	
3.67926084e+002	6.31723667e-006	
3.68392995e+002	5.64818221e-006	
3.68859907e+002	4.97912776e-006	
3.69326818e+002	4.31007331e-006	
3.69793729e+002	3.64101885e-006	
3.70260640e+002	2.97196440e-006	
3.70727552e+002	2.30290995e-006	
3.71194463e+002	1.63385549e-006	
3.71661374e+002	9.64801042e-007	
3.72128286e+002	2.95746589e-007	
3.72595197e+002	-3.73307864e-007	
3.73062108e+002	-1.04236232e-006	
3.73529019e+002	-1.71141677e-006	
3.73995931e+002	-2.38047122e-006	
3.74462842e+002	-3.04952568e-006	
3.74929753e+002	-3.71858013e-006	
3.75396664e+002	-4.38763458e-006	
3.75863576e+002	-5.05668904e-006	
3.76330487e+002	-5.72574349e-006	
3.76797398e+002	-6.39479794e-006	
3.77264310e+002	-7.06385240e-006	
3.77731221e+002	-7.73290685e-006	
3.78198132e+002	-8.40196130e-006	
3.78665043e+002	-9.07101575e-006	
3.79131955e+002	-9.74007021e-006	
3.79598866e+002	-1.04091247e-005	
3.80065777e+002	-1.10781791e-005	
3.80532688e+002	-1.17472336e-005	
3.80999600e+002	-1.24162880e-005	
3.81466511e+002	-1.21882973e-005	
3.81933422e+002	-1.04894446e-005	
3.82400334e+002	-8.79059195e-006	
3.82867245e+002	-7.09173928e-006	
3.83334156e+002	-5.39288662e-006	
3.83801067e+002	-3.69403395e-006	
3.84267979e+002	-1.99518128e-006	
3.84734890e+002	-2.96328613e-007	
3.85201801e+002	1.40252405e-006	
3.85668712e+002	3.10137672e-006	
3.86135624e+002	4.80022939e-006	
3.86602535e+002	6.49908206e-006	
3.87069446e+002	8.19793473e-006	
3.87536358e+002	9.89678739e-006	
3.88003269e+002	1.15956401e-005	
3.88470180e+002	1.32944927e-005	
3.88937091e+002	1.49933454e-005	
3.89404003e+002	1.66921981e-005	
3.89870914e+002	1.83910507e-005	
3.90337825e+002	2.00899034e-005	
3.90804736e+002	2.17887561e-005	
3.91271648e+002	2.34876087e-005	
3.91738559e+002	2.34289058e-005	
3.92205470e+002	2.21094427e-005	
3.92672382e+002	2.07899795e-005	
3.93139293e+002	1.94705164e-005	
3.93606204e+002	1.81510532e-005	
3.94073115e+002	1.68315901e-005	
3.94540027e+002	1.55121269e-005	
3.95006938e+002	1.41926638e-005	
3.95473849e+002	1.28732006e-005	
3.95940761e+002	1.15537375e-005	
3.96407672e+002	1.02342743e-005	
3.96874583e+002	8.91481115e-006	
3.97341494e+002	7.59534799e-006	
3.97808406e+002	7.13567313e-006	
3.98275317e+002	6.77064194e-006	
3.98742228e+002	6.40561075e-006	
3.99209139e+002	6.04057955e-006	
3.99676051e+002	5.67554836e-006	
4.00142962e+002	5.31051717e-006	
4.00609873e+002	4.94548598e-006	
4.01076785e+002	4.58045479e-006	
4.01543696e+002	4.21542360e-006	
4.02010607e+002	3.85039241e-006	
4.02477518e+002	3.48536121e-006	
4.02944430e+002	3.12033002e-006	
4.03411341e+002	2.75529883e-006	
4.03878252e+002	2.39026764e-006	
4.04345163e+002	2.02523645e-006	
4.04812075e+002	1.66020526e-006	
4.05278986e+002	1.29517407e-006	
4.05745897e+002	9.30142875e-007	
4.06212809e+002	5.65111684e-007	
4.06679720e+002	2.00080493e-007	
4.07146631e+002	-1.64950699e-007	
4.07613542e+002	-5.29981890e-007	
4.08080454e+002	-8.95013082e-007	
4.08547365e+002	-1.26004427e-006	
4.09014276e+002	-1.62507546e-006	
4.09481187e+002	-1.99010666e-006	
4.09948099e+002	-2.35513785e-006	
4.10415010e+002	-2.72016904e-006	
4.10881921e+002	-3.08520023e-006	
4.11348833e+002	-3.45023142e-006	
4.11815744e+002	-3.81526261e-006	
4.12282655e+002	-4.18029380e-006	
4.12749566e+002	-4.54532499e-006	
4.13216478e+002	-4.91035619e-006	
4.13683389e+002	-5.05505421e-006	
4.14150300e+002	-5.05958861e-006	
4.14617211e+002	-5.06412301e-006	
4.15084123e+002	-4.62793047e-006	
4.15551034e+002	-2.89572149e-006	
4.16017945e+002	-3.09500366e-006	
4.16484857e+002	-3.29428584e-006	
4.16951768e+002	-3.49356802e-006	
4.17418679e+002	-3.69285020e-006	
4.17885590e+002	-3.89213237e-006	
4.18352502e+002	-4.09141455e-006	
4.18819413e+002	-4.29069673e-006	
4.19286324e+002	-4.48997891e-006	
4.19753235e+002	-4.68926108e-006	
4.20220147e+002	-4.88854326e-006	
4.20687058e+002	-5.08782544e-006	
4.21153969e+002	-5.28710762e-006	
4.21620881e+002	-5.48638979e-006	
4.22087792e+002	-5.68567197e-006	
4.22554703e+002	-5.88495415e-006	
4.23021614e+002	-6.08423632e-006	
4.23488526e+002	-6.28351850e-006	
4.23955437e+002	-6.48280068e-006	
4.24422348e+002	-6.68208286e-006	
4.24889260e+002	-6.88136503e-006	
4.25356171e+002	-7.08064721e-006	
4.25823082e+002	-7.27992939e-006	
4.26289993e+002	-7.47921157e-006	
4.26756905e+002	-7.67849374e-006	
4.27223816e+002	-7.87777592e-006	
4.27690727e+002	-8.07705810e-006	
4.28157638e+002	-8.27634028e-006	
4.28624550e+002	-8.47562245e-006	
4.29091461e+002	-8.67490463e-006	
4.29558372e+002	-8.87418681e-006	
4.30025284e+002	-9.07346899e-006	
4.30492195e+002	-9.27275116e-006	
4.30959106e+002	-9.47203334e-006	
4.31426017e+002	-9.39999266e-006	
4.31892929e+002	-8.79363827e-006	
4.32359840e+002	-8.18728388e-006	
4.32826751e+002	-7.58092950e-006	
4.33293662e+002	-7.10574367e-006	
4.33760574e+002	-6.79649829e-006	
4.34227485e+002	-6.48725291e-006	
4.34694396e+002	-6.17800753e-006	
4.35161308e+002	-5.86876215e-006	
4.35628219e+002	-5.55951677e-006	
4.36095130e+002	-5.25027139e-006	
4.36562041e+002	-4.94102601e-006	
4.37028953e+002	-4.63178063e-006	
4.37495864e+002	-4.32253525e-006	
4.37962775e+002	-4.01328987e-006	
4.38429686e+002	-3.70404449e-006	
4.38896598e+002	-3.39479911e-006	
4.39363509e+002	-3.08555373e-006	
4.39830420e+002	-2.77630835e-006	
4.40297332e+002	-2.46706297e-006	
4.40764243e+002	-2.15781759e-006	
4.41231154e+002	-1.84857221e-006	
4.41698065e+002	-1.53932683e-006	
4.42164977e+002	-1.23008145e-006	
4.42631888e+002	-9.20836070e-007	
4.43098799e+002	-6.11590689e-007	
4.43565710e+002	-3.02345309e-007	
4.44032622e+002	6.90007100e-009	
4.44499533e+002	3.16145451e-007	
4.44966444e+002	6.25390831e-007	
4.45433356e+002	9.74156432e-007	
4.45900267e+002	1.35494406e-006	
4.46367178e+002	1.73573168e-006	
4.46834089e+002	2.11651931e-006	
4.47301001e+002	2.49730694e-006	
4.47767912e+002	2.87809456e-006	
4.48234823e+002	3.25888219e-006	
4.48701734e+002	3.63966982e-006	
4.49168646e+002	4.02045744e-006	
4.49635557e+002	4.40124507e-006	
4.50102468e+002	4.78203269e-006	
4.50569380e+002	4.98582115e-006	
4.51036291e+002	5.09131932e-006	
4.51503202e+002	5.19681748e-006	
4.51970113e+002	5.30231564e-006	
4.52437025e+002	5.40781380e-006	
4.52903936e+002	5.51331196e-006	
4.53370847e+002	5.61881012e-006	
4.53837759e+002	5.72430828e-006	
4.54304670e+002	5.82980644e-006	
4.54771581e+002	5.93530460e-006	
4.55238492e+002	6.04080276e-006	
4.55705404e+002	6.14630092e-006	
4.56172315e+002	6.25179908e-006	
4.56639226e+002	6.35729724e-006	
4.57106137e+002	6.46279540e-006	
4.57573049e+002	6.56829356e-006	
4.58039960e+002	6.67379172e-006	
4.58506871e+002	6.77928988e-006	
4.58973783e+002	6.88478804e-006	
4.59440694e+002	6.99028620e-006	
4.59907605e+002	7.09578436e-006	
4.60374516e+002	7.20128252e-006	
4.60841428e+002	7.30678068e-006	
4.61308339e+002	7.41227884e-006	
4.61775250e+002	7.51777700e-006	
4.62242161e+002	7.35510558e-006	
4.62709073e+002	6.84304464e-006	
4.63175984e+002	6.33098370e-006	
4.63642895e+002	5.81892276e-006	
4.64109807e+002	5.30686183e-006	
4.64576718e+002	4.79480089e-006	
4.65043629e+002	4.28273995e-006	
4.65510540e+002	3.77067901e-006	
4.65977452e+002	3.25861808e-006	
4.66444363e+002	2.74655714e-006	
4.66911274e+002	2.23449620e-006	
4.67378185e+002	1.72243526e-006	
4.67845097e+002	1.21037433e-006	
4.68312008e+002	6.98313389e-007	
4.68778919e+002	1.86252451e-007	
4.69245831e+002	-2.99256778e-007	
4.69712742e+002	-4.00195981e-007	
4.70179653e+002	-5.01135183e-007	
4.70646564e+002	-6.02074385e-007	
4.71113476e+002	-7.03013587e-007	
4.71580387e+002	-8.03952790e-007	
4.72047298e+002	-9.04891992e-007	
4.72514209e+002	-1.00583119e-006	
4.72981121e+002	-1.10677040e-006	
4.73448032e+002	-1.20770960e-006	
4.73914943e+002	-1.30864880e-006	
4.74381855e+002	-1.40958800e-006	
4.74848766e+002	-1.51052721e-006	
4.75315677e+002	-1.61146641e-006	
4.75782588e+002	-1.71240561e-006	
4.76249500e+002	-1.81334481e-006	
4.76716411e+002	-1.91428401e-006	
4.77183322e+002	-2.01522322e-006	
4.77650233e+002	-2.11616242e-006	
4.78117145e+002	-2.21710162e-006	
4.78584056e+002	-2.31804082e-006	
4.79050967e+002	-2.41898003e-006	
4.79517879e+002	-2.51991923e-006	
4.79984790e+002	-2.62085843e-006	
4.80451701e+002	-2.60298498e-006	
4.80918612e+002	-2.47082475e-006	
4.81385524e+002	-2.33866452e-006	
4.81852435e+002	-2.20650430e-006	
4.82319346e+002	-2.07434407e-006	
4.82786258e+002	-1.94218385e-006	
4.83253169e+002	-1.81002362e-006	
4.83720080e+002	-1.67786340e-006	
4.84186991e+002	-1.99485549e-006	
4.84653903e+002	-2.57571159e-006	
4.85120814e+002	-3.15656768e-006	
4.85587725e+002	-3.73742378e-006	
4.86054636e+002	-4.31827988e-006	
4.86521548e+002	-4.89913598e-006	
4.86988459e+002	-5.47999207e-006	
4.87455370e+002	-6.06084817e-006	
4.87922282e+002	-6.64170427e-006	
4.88389193e+002	-6.93804436e-006	
4.88856104e+002	-6.83359501e-006	
4.89323015e+002	-6.72914566e-006	
4.89789927e+002	-6.62469631e-006	
4.90256838e+002	-6.52024696e-006	
4.90723749e+002	-6.41579760e-006	
4.91190660e+002	-6.31134825e-006	
4.91657572e+002	-6.20689890e-006	
4.92124483e+002	-6.10244955e-006	
4.92591394e+002	-5.99800019e-006	
4.93058306e+002	-5.89355084e-006	
4.93525217e+002	-5.78910149e-006	
4.93992128e+002	-5.68465214e-006	
4.94459039e+002	-5.58020278e-006	
4.94925951e+002	-5.47575343e-006	
4.95392862e+002	-5.37130408e-006	
4.95859773e+002	-5.26685473e-006	
4.96326684e+002	-5.16240537e-006	
4.96793596e+002	-5.05795602e-006	
4.97260507e+002	-4.95350667e-006	
4.97727418e+002	-4.84905732e-006	
4.98194330e+002	-4.74460797e-006	
4.98661241e+002	-4.64015861e-006	
4.99128152e+002	-4.53570926e-006	
4.99595063e+002	-4.43125991e-006	
5.00061975e+002	-4.32681056e-006	
5.00528886e+002	-4.22236120e-006	
5.00995797e+002	-4.11791185e-006	
5.01462708e+002	-4.01346250e-006	
5.01929620e+002	-3.90901315e-006	
5.02396531e+002	-3.80456379e-006	
5.02863442e+002	-3.70011444e-006	
5.03330354e+002	-3.59566509e-006	
5.03797265e+002	-3.49121574e-006	
5.04264176e+002	-3.44734965e-006	
5.04731087e+002	-3.50951506e-006	
5.05197999e+002	-3.57168046e-006	
5.05664910e+002	-3.63384587e-006	
5.06131821e+002	-3.89650312e-006	
5.06598732e+002	-3.90249623e-006	
5.07065644e+002	-3.90841526e-006	
5.07532555e+002	-3.82793992e-006	
5.07999466e+002	-3.74746458e-006	
5.08466378e+002	-3.66698924e-006	
5.08933289e+002	-3.58651390e-006	
5.09400200e+002	-3.50603856e-006	
5.09867111e+002	-3.42556322e-006	
5.10334023e+002	-3.34508788e-006	
5.10800934e+002	-3.26461254e-006	
5.11267845e+002	-3.18413720e-006	
5.11734757e+002	-3.10366186e-006	
5.12201668e+002	-3.02318652e-006	
5.12668579e+002	-2.94271118e-006	
5.13135490e+002	-2.86223584e-006	
5.13602402e+002	-2.78176050e-006	
5.14069313e+002	-2.70128516e-006	
5.14536224e+002	-2.62080982e-006	
5.15003135e+002	-2.54033448e-006	
5.15470047e+002	-2.45985914e-006	
5.15936958e+002	-2.37938380e-006	
5.16403869e+002	-2.29890846e-006	
5.16870781e+002	-2.21843312e-006	
5.17337692e+002	-2.13795778e-006	
5.17804603e+002	-2.05748244e-006	
5.18271514e+002	-1.97700710e-006	
5.18738426e+002	-1.89653175e-006	
5.19205337e+002	-1.81605641e-006	
5.19672248e+002	-1.73558107e-006	
5.20139159e+002	-1.65510573e-006	
5.20606071e+002	-1.57463039e-006	
5.21072982e+002	-1.49415505e-006	
5.21539893e+002	-1.41367971e-006	
5.22006805e+002	-1.33320437e-006	
5.22473716e+002	-1.25272903e-006	
5.22940627e+002	-1.17225369e-006	
5.23407538e+002	-1.08615766e-006	
5.23874450e+002	-6.96697520e-007	
5.24341361e+002	-3.07237380e-007	
5.24808272e+002	8.22227607e-008	
5.25275183e+002	4.71682901e-007	
5.25742095e+002	8.61143042e-007	
5.26209006e+002	1.25060318e-006	
5.26675917e+002	1.64006332e-006	
5.27142829e+002	2.02952346e-006	
5.27609740e+002	2.32999014e-006	
5.28076651e+002	2.23905150e-006	
5.28543562e+002	2.14811287e-006	
5.29010474e+002	2.05717423e-006	
5.29477385e+002	1.96623560e-006	
5.29944296e+002	1.87529696e-006	
5.30411207e+002	1.78435833e-006	
5.30878119e+002	1.69341969e-006	
5.31345030e+002	1.60248106e-006	
5.31811941e+002	1.51154242e-006	
5.32278853e+002	1.42060379e-006	
5.32745764e+002	1.32966515e-006	
5.33212675e+002	1.23872652e-006	
5.33679586e+002	1.14778788e-006	
5.34146498e+002	1.05684925e-006	
5.34613409e+002	9.65910615e-007	
5.35080320e+002	8.74971980e-007	
5.35547231e+002	7.84033345e-007	
5.36014143e+002	6.93094710e-007	
5.36481054e+002	6.02156075e-007	
5.36947965e+002	5.11217440e-007	
5.37414877e+002	4.20278805e-007	
5.37881788e+002	3.29340170e-007	
5.38348699e+002	2.38401536e-007	
5.38815610e+002	1.47462901e-007	
5.39282522e+002	5.65242657e-008	
5.39749433e+002	-3.09227479e-008	
5.40216344e+002	-3.71580881e-008	
5.40683256e+002	-4.33934284e-008	
5.41150167e+002	-4.96287686e-008	
5.41617078e+002	-5.58641089e-008	
5.42083989e+002	-6.20994491e-008	
5.42550901e+002	-6.83347893e-008	
5.43017812e+002	-7.45701296e-008	
5.43484723e+002	-8.08054698e-008	
5.43951634e+002	-1.08297322e-007	
5.44418546e+002	-1.52176231e-007	
5.44885457e+002	-1.96055140e-007	
5.45352368e+002	-2.39934049e-007	
5.45819280e+002	-2.83812958e-007	
5.46286191e+002	-3.27691868e-007	
5.46753102e+002	-3.71570777e-007	
5.47220013e+002	-4.15449686e-007	
5.47686925e+002	-4.59328595e-007	
5.48153836e+002	-5.03207504e-007	
5.48620747e+002	-5.47086414e-007	
5.49087658e+002	-5.90965323e-007	
5.49554570e+002	-6.34844232e-007	
5.50021481e+002	-6.78723141e-007	
5.50488392e+002	-7.22602050e-007	
5.50955304e+002	-7.66480960e-007	
5.51422215e+002	-8.10359869e-007	
5.51889126e+002	-8.54238778e-007	
5.52356037e+002	-8.98117687e-007	
5.52822949e+002	-9.41996596e-007	
5.53289860e+002	-9.85875506e-007	
5.53756771e+002	-1.02975441e-006	
5.54223682e+002	-1.07363332e-006	
5.54690594e+002	-1.11751223e-006	
5.55157505e+002	-1.16139114e-006	
5.55624416e+002	-1.20527005e-006	
5.56091328e+002	-1.24914896e-006	
5.56558239e+002	-1.29302787e-006	
5.57025150e+002	-1.33690678e-006	
5.57492061e+002	-1.16937385e-006	
5.57958973e+002	-9.74758746e-007	
5.58425884e+002	-7.80143640e-007	
5.58892795e+002	-5.85528533e-007	
5.59359706e+002	-3.90913427e-007	
5.59826618e+002	-1.96298320e-007	
5.60293529e+002	-1.68321401e-009	
5.60760440e+002	1.92931892e-007	
5.61227352e+002	3.87546999e-007	
5.61694263e+002	5.82162105e-007	
5.62161174e+002	7.76777212e-007	
5.62628085e+002	9.71392318e-007	
5.63094997e+002	1.16600742e-006	
5.63561908e+002	1.36062253e-006	
5.64028819e+002	1.39135593e-006	
5.64495730e+002	1.31835076e-006	
5.64962642e+002	1.24534560e-006	
5.65429553e+002	1.17234043e-006	
5.65896464e+002	1.09933526e-006	
5.66363376e+002	1.02633010e-006	
5.66830287e+002	9.53324929e-007	
5.67297198e+002	8.80319762e-007	
5.67764109e+002	8.07314595e-007	
5.68231021e+002	7.34309428e-007	
5.68697932e+002	6.61304261e-007	
5.69164843e+002	5.88299094e-007	
5.69631755e+002	5.15293927e-007	
5.70098666e+002	4.42288760e-007	
5.70565577e+002	3.69283593e-007	
5.71032488e+002	2.96278426e-007	
5.71499400e+002	2.23273258e-007	
5.71966311e+002	1.50268091e-007	
5.72433222e+002	7.72629243e-008	
5.72900133e+002	4.25775727e-009	
5.73367045e+002	-6.87474098e-008	
5.73833956e+002	-1.41752577e-007	
5.74300867e+002	-2.14757744e-007	
5.74767779e+002	-2.87762911e-007	
5.75234690e+002	-3.60768078e-007	
5.75701601e+002	-4.33773245e-007	
5.76168512e+002	-5.06778412e-007	
5.76635424e+002	-5.79783579e-007	
5.77102335e+002	-6.52788746e-007	
5.77569246e+002	-7.24641828e-007	
5.78036157e+002	-7.75767338e-007	
5.78503069e+002	-8.26892848e-007	
5.78969980e+002	-8.78018358e-007	
5.79436891e+002	-9.29143868e-007	
5.79903803e+002	-9.80269379e-007	
5.80370714e+002	-1.03139489e-006	
5.80837625e+002	-1.08252040e-006	
5.81304536e+002	-1.13364591e-006	
5.81771448e+002	-1.18477142e-006	
5.82238359e+002	-1.23589693e-006	
5.82705270e+002	-1.28702244e-006	
5.83172181e+002	-1.33814795e-006	
5.83639093e+002	-1.38927346e-006	
5.84106004e+002	-1.44039897e-006	
5.84572915e+002	-1.49152448e-006	
5.85039827e+002	-1.54816969e-006	
5.85506738e+002	-1.65074456e-006	
5.85973649e+002	-1.75331944e-006	
5.86440560e+002	-1.85589432e-006	
5.86907472e+002	-1.95846919e-006	
5.87374383e+002	-2.06104407e-006	
5.87841294e+002	-2.16361894e-006	
5.88308205e+002	-2.26619382e-006	
5.88775117e+002	-2.36876870e-006	
5.89242028e+002	-2.47134357e-006	
5.89708939e+002	-2.57391845e-006	
5.90175851e+002	-2.67649332e-006	
5.90642762e+002	-2.77906820e-006	
5.91109673e+002	-2.88164308e-006	
5.91576584e+002	-2.98421795e-006	
5.92043496e+002	-3.08679283e-006	
5.92510407e+002	-3.17580663e-006	
5.92977318e+002	-3.06152435e-006	
5.93444229e+002	-2.94724207e-006	
5.93911141e+002	-2.83295980e-006	
5.94378052e+002	-2.71867752e-006	
5.94844963e+002	-2.60439524e-006	
5.95311875e+002	-2.49011297e-006	
5.95778786e+002	-2.37583069e-006	
5.96245697e+002	-2.26154841e-006	
5.96712608e+002	-2.14726613e-006	
5.97179520e+002	-2.03298386e-006	
5.97646431e+002	-1.91870158e-006	
5.98113342e+002	-1.80441930e-006	
5.98580254e+002	-1.69013702e-006	
5.99047165e+002	-1.57585475e-006	
5.99514076e+002	-1.42428986e-006	
5.99980987e+002	-1.25107795e-006	
6.00447899e+002	-1.07786603e-006	
6.00914810e+002	-9.04654124e-007	
6.01381721e+002	-7.31442214e-007	
6.01848632e+002	-5.58230303e-007	
6.02315544e+002	-3.85018392e-007	
6.02782455e+002	-2.11806482e-007	
6.03249366e+002	-3.85945712e-008	
6.03716278e+002	1.34617339e-007	
6.04183189e+002	3.07829250e-007	
6.04650100e+002	4.81041160e-007	
6.05117011e+002	6.54253071e-007	
6.05583923e+002	8.27464982e-007	
6.06050834e+002	1.00067689e-006	
6.06517745e+002	1.17388880e-006	
6.06984656e+002	1.34710071e-006	
6.07451568e+002	1.52031262e-006	
6.07918479e+002	1.72605074e-006	
6.08385390e+002	1.94657243e-006	
6.08852302e+002	2.16709413e-006	
6.09319213e+002	2.38761582e-006	
6.09786124e+002	2.60813752e-006	
6.10253035e+002	2.82865921e-006	
6.10719947e+002	3.04918091e-006	
6.11186858e+002	3.26970260e-006	
6.11653769e+002	3.49022430e-006	
6.12120680e+002	3.71074599e-006	
6.12587592e+002	3.93126769e-006	
6.13054503e+002	4.15178938e-006	
6.13521414e+002	4.37231108e-006	
6.13988326e+002	4.59283277e-006	
6.14455237e+002	4.81335447e-006	
6.14922148e+002	5.03387616e-006	
6.15389059e+002	5.25439786e-006	
6.15855971e+002	5.36258387e-006	
6.16322882e+002	5.26618984e-006	
6.16789793e+002	5.16979582e-006	
6.17256704e+002	5.07340179e-006	
6.17723616e+002	4.97700777e-006	
6.18190527e+002	4.88061374e-006	
6.18657438e+002	4.78421972e-006	
6.19124350e+002	4.39228842e-006	
6.19591261e+002	3.99076692e-006	
6.20058172e+002	3.58924543e-006	
6.20525083e+002	3.18772394e-006	
6.20991995e+002	2.78620245e-006	
6.21458906e+002	2.38468095e-006	
6.21925817e+002	1.98315946e-006	
6.22392728e+002	1.58163797e-006	
6.22859640e+002	1.18011648e-006	
6.23326551e+002	7.78594986e-007	
6.23793462e+002	3.77073494e-007	
6.24260374e+002	-5.30542884e-008	
6.24727285e+002	-4.95779890e-007	
6.25194196e+002	-9.38505491e-007	
6.25661107e+002	-1.38123109e-006	
6.26128019e+002	-1.82395669e-006	
6.26594930e+002	-2.26668230e-006	
6.27061841e+002	-2.70940790e-006	
6.27528753e+002	-3.15213350e-006	
6.27995664e+002	-3.59485910e-006	
6.28462575e+002	-4.03758470e-006	
6.28929486e+002	-4.48031030e-006	
6.29396398e+002	-4.92303590e-006	
6.29863309e+002	-5.36576151e-006	
6.30330220e+002	-5.80848711e-006	
6.30797131e+002	-6.25121271e-006	
6.31264043e+002	-6.17053960e-006	
6.31730954e+002	-6.06242633e-006	
6.32197865e+002	-5.95431306e-006	
6.32664777e+002	-5.84619979e-006	
6.33131688e+002	-5.73808652e-006	
6.33598599e+002	-5.62997325e-006	
6.34065510e+002	-5.52185998e-006	
6.34532422e+002	-5.34841706e-006	
6.34999333e+002	-5.14305438e-006	
6.35466244e+002	-4.93769171e-006	
6.35933155e+002	-4.73232903e-006	
6.36400067e+002	-4.52696635e-006	
6.36866978e+002	-4.32160368e-006	
6.37333889e+002	-4.11624100e-006	
6.37800801e+002	-3.91087832e-006	
6.38267712e+002	-3.70551565e-006	
6.38734623e+002	-3.50015297e-006	
6.39201534e+002	-3.29479029e-006	
6.39668446e+002	-3.08942762e-006	
6.40135357e+002	-2.88406494e-006	
6.40602268e+002	-2.67870226e-006	
6.41069179e+002	-2.47333959e-006	
6.41536091e+002	-2.26797691e-006	
6.42003002e+002	-2.06261423e-006	
6.42469913e+002	-1.85725156e-006	
6.42936825e+002	-1.65188888e-006	
6.43403736e+002	-1.44652620e-006	
6.43870647e+002	-1.24116353e-006	
6.44337558e+002	-1.03580085e-006	
6.44804470e+002	-9.69387808e-007	
6.45271381e+002	-9.08392022e-007	
6.45738292e+002	-8.47396236e-007	
6.46205203e+002	-7.86400450e-007	
6.46672115e+002	-7.25404664e-007	
6.47139026e+002	-6.64408877e-007	
6.47605937e+002	-6.03413091e-007	
6.48072849e+002	-5.42417305e-007	
6.48539760e+002	-4.81421519e-007	
6.49006671e+002	-4.20425733e-007	
6.49473582e+002	-3.59429946e-007	
6.49940494e+002	-2.98434160e-007	
6.50407405e+002	-2.37438374e-007	
6.50874316e+002	-1.76442588e-007	
6.51341227e+002	-1.15446802e-007	
6.51808139e+002	-5.44510153e-008	
6.52275050e+002	6.54477087e-009	
6.52741961e+002	6.75405571e-008	
6.53208873e+002	1.28536343e-007	
6.53675784e+002	1.89532129e-007	
6.54142695e+002	2.50527916e-007	
6.54609606e+002	3.11523702e-007	
6.55076518e+002	3.72519488e-007	
6.55543429e+002	4.33515274e-007	
6.56010340e+002	4.94511060e-007	
6.56477252e+002	5.55506847e-007	
6.56944163e+002	6.16502633e-007	
6.57411074e+002	6.77498419e-007	
6.57877985e+002	7.38494205e-007	
6.58344897e+002	7.87369432e-007	
6.58811808e+002	7.05494907e-007	
6.59278719e+002	6.23620382e-007	
6.59745630e+002	5.41745858e-007	
6.60212542e+002	4.59871333e-007	
6.60679453e+002	3.77996809e-007	
6.61146364e+002	2.96122284e-007	
6.61613276e+002	2.83417050e-007	
6.62080187e+002	3.03553615e-007	
6.62547098e+002	3.23690180e-007	
6.63014009e+002	3.43826745e-007	
6.63480921e+002	3.63963309e-007	
6.63947832e+002	3.84099874e-007	
6.64414743e+002	4.04236439e-007	
6.64881654e+002	4.24373004e-007	
6.65348566e+002	4.44509569e-007	
6.65815477e+002	4.64646133e-007	
6.66282388e+002	4.84782698e-007	
6.66749300e+002	5.04919263e-007	
6.67216211e+002	5.25055828e-007	
6.67683122e+002	5.45192393e-007	
6.68150033e+002	5.65328957e-007	
6.68616945e+002	5.85465522e-007	
6.69083856e+002	6.05602087e-007	
6.69550767e+002	6.25738652e-007	
6.70017678e+002	6.25445283e-007	
6.70484590e+002	6.19308326e-007	
6.70951501e+002	6.13171369e-007	
6.71418412e+002	6.07034411e-007	
6.71885324e+002	6.00897454e-007	
6.72352235e+002	5.94760496e-007	
6.72819146e+002	5.88623539e-007	
6.73286057e+002	5.82486582e-007	
6.73752969e+002	5.76349624e-007	
6.74219880e+002	5.70212667e-007	
6.74686791e+002	5.64075709e-007	
6.75153702e+002	5.57938752e-007	
6.75620614e+002	5.51801794e-007	
6.76087525e+002	5.45664837e-007	
6.76554436e+002	5.44743012e-007	
6.77021348e+002	5.78085063e-007	
6.77488259e+002	6.11427114e-007	
6.77955170e+002	6.44769165e-007	
6.78422081e+002	6.78111216e-007	
6.78888993e+002	7.11453267e-007	
6.79355904e+002	7.44795319e-007	
6.79822815e+002	7.78137370e-007	
6.80289726e+002	8.08098273e-007	
6.80756638e+002	7.98437522e-007	
6.81223549e+002	7.88776772e-007	
6.81690460e+002	7.79116021e-007	
6.82157372e+002	7.69455271e-007	
6.82624283e+002	7.59794520e-007	
6.83091194e+002	7.50133770e-007	
6.83558105e+002	7.40473019e-007	
6.84025017e+002	7.30812269e-007	
6.84491928e+002	7.21151518e-007	
6.84958839e+002	7.11490767e-007	
6.85425751e+002	7.01830017e-007	
6.85892662e+002	6.92169266e-007	
6.86359573e+002	6.82508516e-007	
6.86826484e+002	6.72847765e-007	
6.87293396e+002	6.63187015e-007	
6.87760307e+002	6.53526264e-007	
6.88227218e+002	6.43865514e-007	
6.88694129e+002	6.34204763e-007	
6.89161041e+002	6.24544013e-007	
6.89627952e+002	6.14883262e-007	
6.90094863e+002	6.05222512e-007	
6.90561775e+002	5.95561761e-007	
6.91028686e+002	5.85901011e-007	
6.91495597e+002	5.76240260e-007	
6.91962508e+002	5.66579510e-007	
6.92429420e+002	5.53544573e-007	
6.92896331e+002	4.44266972e-007	
6.93363242e+002	3.34989372e-007	
6.93830153e+002	2.25711771e-007	
6.94297065e+002	1.16434170e-007	
6.94763976e+002	7.15656948e-009	
6.95230887e+002	-1.02121031e-007	
6.95697799e+002	-2.11398632e-007	
6.96164710e+002	-3.20676233e-007	
6.96631621e+002	-4.29953833e-007	
6.97098532e+002	-5.39231434e-007	
6.97565444e+002	-6.48509035e-007	
6.98032355e+002	-7.57786636e-007	
6.98499266e+002	-8.67064236e-007	
6.98966177e+002	-9.76341837e-007	
6.99433089e+002	-1.08561944e-006	
6.99900000e+002	-1.19489704e-006	
