0.00000000e+000	6.68053093e-001	
2.66844563e-001	6.67200182e-001
5.33689126e-001	6.65979992e-001
8.00533689e-001	6.64759802e-001
1.06737825e+000	6.63539612e-001
1.33422282e+000	6.62319422e-001
1.60106738e+000	6.61099232e-001
1.86791194e+000	6.60562318e-001
2.13475650e+000	6.60181411e-001
2.40160107e+000	6.59800503e-001
2.66844563e+000	6.59419596e-001
2.93529019e+000	6.59038688e-001
3.20213476e+000	6.58657781e-001
3.46897932e+000	6.58276873e-001
3.73582388e+000	6.57895966e-001
4.00266845e+000	6.57515058e-001
4.26951301e+000	6.57134151e-001
4.53635757e+000	6.56729102e-001
4.80320213e+000	6.56263809e-001
5.07004670e+000	6.55798517e-001
5.33689126e+000	6.55333225e-001
5.60373582e+000	6.54867932e-001
5.87058039e+000	6.54402640e-001
6.13742495e+000	6.53937348e-001
6.40426951e+000	6.53472055e-001
6.67111408e+000	6.53006763e-001
6.93795864e+000	6.52541471e-001
7.20480320e+000	6.52076178e-001
7.47164777e+000	6.51610886e-001
7.73849233e+000	6.51145594e-001
8.00533689e+000	6.50680301e-001
8.27218145e+000	6.50215009e-001
8.53902602e+000	6.49749717e-001
8.80587058e+000	6.49284424e-001
9.07271514e+000	6.48819132e-001
9.33955971e+000	6.48353840e-001
9.60640427e+000	6.47888547e-001
9.87324883e+000	6.47423255e-001
1.01400934e+001	6.46957963e-001
1.04069380e+001	6.46492671e-001
1.06737825e+001	6.46027378e-001
1.09406271e+001	6.45562086e-001
1.12074716e+001	6.45096794e-001
1.14743162e+001	6.44631501e-001
1.17411608e+001	6.44166209e-001
1.20080053e+001	6.43700917e-001
1.22748499e+001	6.43235624e-001
1.25416945e+001	6.42770332e-001
1.28085390e+001	6.42341266e-001
1.30753836e+001	6.42158636e-001
1.33422282e+001	6.41976006e-001
1.36090727e+001	6.41793375e-001
1.38759173e+001	6.41610745e-001
1.41427618e+001	6.41428115e-001
1.44096064e+001	6.41245485e-001
1.46764510e+001	6.41062855e-001
1.49432955e+001	6.40880225e-001
1.52101401e+001	6.40697595e-001
1.54769847e+001	6.40514964e-001
1.57438292e+001	6.40332334e-001
1.60106738e+001	6.40149704e-001
1.62775183e+001	6.39967074e-001
1.65443629e+001	6.39784444e-001
1.68112075e+001	6.39601814e-001
1.70780520e+001	6.39419183e-001
1.73448966e+001	6.39236553e-001
1.76117412e+001	6.39053923e-001
1.78785857e+001	6.38870934e-001
1.81454303e+001	6.38687870e-001
1.84122748e+001	6.38504806e-001
1.86791194e+001	6.38321742e-001
1.89459640e+001	6.38138678e-001
1.92128085e+001	6.37955614e-001
1.94796531e+001	6.37772550e-001
1.97464977e+001	6.37589486e-001
2.00133422e+001	6.37406422e-001
2.02801868e+001	6.37223358e-001
2.05470314e+001	6.37040294e-001
2.08138759e+001	6.36857230e-001
2.10807205e+001	6.36674166e-001
2.13475650e+001	6.36491102e-001
2.16144096e+001	6.36308038e-001
2.18812542e+001	6.36124974e-001
2.21480987e+001	6.35941910e-001
2.24149433e+001	6.35758846e-001
2.26817879e+001	6.35575782e-001
2.29486324e+001	6.35392718e-001
2.32154770e+001	6.35209655e-001
2.34823215e+001	6.35026591e-001
2.37491661e+001	6.34843527e-001
2.40160107e+001	6.34660463e-001
2.42828552e+001	6.34477399e-001
2.45496998e+001	6.34294335e-001
2.48165444e+001	6.34111271e-001
2.50833889e+001	6.33928207e-001
2.53502335e+001	6.33745143e-001
2.56170781e+001	6.33562079e-001
2.58839226e+001	6.33379015e-001
2.61507672e+001	6.33195951e-001
2.64176117e+001	6.33012887e-001
2.66844563e+001	6.32829823e-001
2.69513009e+001	6.32646759e-001
2.72181454e+001	6.32463695e-001
2.74849900e+001	6.32280631e-001
2.77518346e+001	6.32097567e-001
2.80186791e+001	6.31914503e-001
2.82855237e+001	6.31731439e-001
2.85523682e+001	6.31556418e-001
2.88192128e+001	6.31467098e-001
2.90860574e+001	6.31377778e-001
2.93529019e+001	6.31288459e-001
2.96197465e+001	6.31199139e-001
2.98865911e+001	6.31109819e-001
3.01534356e+001	6.31020500e-001
3.04202802e+001	6.30931180e-001
3.06871247e+001	6.30841860e-001
3.09539693e+001	6.30752540e-001
3.12208139e+001	6.30663221e-001
3.14876584e+001	6.30573901e-001
3.17545030e+001	6.30484581e-001
3.20213476e+001	6.30395262e-001
3.22881921e+001	6.30305942e-001
3.25550367e+001	6.30216622e-001
3.28218813e+001	6.30127302e-001
3.30887258e+001	6.30037983e-001
3.33555704e+001	6.29948663e-001
3.36224149e+001	6.29859343e-001
3.38892595e+001	6.29770024e-001
3.41561041e+001	6.29680704e-001
3.44229486e+001	6.29591384e-001
3.46897932e+001	6.29502064e-001
3.49566378e+001	6.29412745e-001
3.52234823e+001	6.29323425e-001
3.54903269e+001	6.29234105e-001
3.57571714e+001	6.29144786e-001
3.60240160e+001	6.29055466e-001
3.62908606e+001	6.28966146e-001
3.65577051e+001	6.28876827e-001
3.68245497e+001	6.28787507e-001
3.70913943e+001	6.28698187e-001
3.73582388e+001	6.28608867e-001
3.76250834e+001	6.28519548e-001
3.78919280e+001	6.28430228e-001
3.81587725e+001	6.28340908e-001
3.84256171e+001	6.28251589e-001
3.86924616e+001	6.28162269e-001
3.89593062e+001	6.28072949e-001
3.92261508e+001	6.27983629e-001
3.94929953e+001	6.27894310e-001
3.97598399e+001	6.27851944e-001
4.00266845e+001	6.27836517e-001
4.02935290e+001	6.27821090e-001
4.05603736e+001	6.27805663e-001
4.08272181e+001	6.27790236e-001
4.10940627e+001	6.27774808e-001
4.13609073e+001	6.27759381e-001
4.16277518e+001	6.27743954e-001
4.18945964e+001	6.27728527e-001
4.21614410e+001	6.27712478e-001
4.24282855e+001	6.27675840e-001
4.26951301e+001	6.27639202e-001
4.29619746e+001	6.27602565e-001
4.32288192e+001	6.27565927e-001
4.34956638e+001	6.27529289e-001
4.37625083e+001	6.27492651e-001
4.40293529e+001	6.27456013e-001
4.42961975e+001	6.27419376e-001
4.45630420e+001	6.27382738e-001
4.48298866e+001	6.27346100e-001
4.50967312e+001	6.27309462e-001
4.53635757e+001	6.27272825e-001
4.56304203e+001	6.27236187e-001
4.58972648e+001	6.27199549e-001
4.61641094e+001	6.27162911e-001
4.64309540e+001	6.27126274e-001
4.66977985e+001	6.27089636e-001
4.69646431e+001	6.27052998e-001
4.72314877e+001	6.27016360e-001
4.74983322e+001	6.26979722e-001
4.77651768e+001	6.26943085e-001
4.80320213e+001	6.26906447e-001
4.82988659e+001	6.26869809e-001
4.85657105e+001	6.26833171e-001
4.88325550e+001	6.26796534e-001
4.90993996e+001	6.26759896e-001
4.93662442e+001	6.26723258e-001
4.96330887e+001	6.26686620e-001
4.98999333e+001	6.26649983e-001
5.01667779e+001	6.26613345e-001
5.04336224e+001	6.26576707e-001
5.07004670e+001	6.26540069e-001
5.09673115e+001	6.26503431e-001
5.12341561e+001	6.26466794e-001
5.15010007e+001	6.26430156e-001
5.17678452e+001	6.26393518e-001
5.20346898e+001	6.26356880e-001
5.23015344e+001	6.26320243e-001
5.25683789e+001	6.26283605e-001
5.28352235e+001	6.26246967e-001
5.31020680e+001	6.26210329e-001
5.33689126e+001	6.26173692e-001
5.36357572e+001	6.26137054e-001
5.39026017e+001	6.26100416e-001
5.41694463e+001	6.26063778e-001
5.44362909e+001	6.26027141e-001
5.47031354e+001	6.25990503e-001
5.49699800e+001	6.25953865e-001
5.52368245e+001	6.25917227e-001
5.55036691e+001	6.25880589e-001
5.57705137e+001	6.25843952e-001
5.60373582e+001	6.25807314e-001
5.63042028e+001	6.25770676e-001
5.65710474e+001	6.25734038e-001
5.68378919e+001	6.25697401e-001
5.71047365e+001	6.25660763e-001
5.73715811e+001	6.25624125e-001
5.76384256e+001	6.25587487e-001
5.79052702e+001	6.25550850e-001
5.81721147e+001	6.25514212e-001
5.84389593e+001	6.25477574e-001
5.87058039e+001	6.25440936e-001
5.89726484e+001	6.25404298e-001
5.92394930e+001	6.25367661e-001
5.95063376e+001	6.25331023e-001
5.97731821e+001	6.25294385e-001
6.00400267e+001	6.25257747e-001
6.03068712e+001	6.25221110e-001
6.05737158e+001	6.25184472e-001
6.08405604e+001	6.25147834e-001
6.11074049e+001	6.25111196e-001
6.13742495e+001	6.25074559e-001
6.16410941e+001	6.25060676e-001
6.19079386e+001	6.25034789e-001
6.21747832e+001	6.24987871e-001
6.24416278e+001	6.24940952e-001
6.27084723e+001	6.24894034e-001
6.29753169e+001	6.24847116e-001
6.32421614e+001	6.24800197e-001
6.35090060e+001	6.24753279e-001
6.37758506e+001	6.24706361e-001
6.40426951e+001	6.24659442e-001
6.43095397e+001	6.24612524e-001
6.45763843e+001	6.24565606e-001
6.48432288e+001	6.24518687e-001
6.51100734e+001	6.24471769e-001
6.53769179e+001	6.24424851e-001
6.56437625e+001	6.24377932e-001
6.59106071e+001	6.24331014e-001
6.61774516e+001	6.24284096e-001
6.64442962e+001	6.24237178e-001
6.67111408e+001	6.24190259e-001
6.69779853e+001	6.24143341e-001
6.72448299e+001	6.24096423e-001
6.75116744e+001	6.24049504e-001
6.77785190e+001	6.24002586e-001
6.80453636e+001	6.23955668e-001
6.83122081e+001	6.23908749e-001
6.85790527e+001	6.23861831e-001
6.88458973e+001	6.23814913e-001
6.91127418e+001	6.23767994e-001
6.93795864e+001	6.23721076e-001
6.96464310e+001	6.23674158e-001
6.99132755e+001	6.23627239e-001
7.01801201e+001	6.23580321e-001
7.04469646e+001	6.23533403e-001
7.07138092e+001	6.23486484e-001
7.09806538e+001	6.23439566e-001
7.12474983e+001	6.23392648e-001
7.15143429e+001	6.23345729e-001
7.17811875e+001	6.23298811e-001
7.20480320e+001	6.23251893e-001
7.23148766e+001	6.23204974e-001
7.25817211e+001	6.23158056e-001
7.28485657e+001	6.23111138e-001
7.31154103e+001	6.23064219e-001
7.33822548e+001	6.23017301e-001
7.36490994e+001	6.22970383e-001
7.39159440e+001	6.22923464e-001
7.41827885e+001	6.22876546e-001
7.44496331e+001	6.22829628e-001
7.47164777e+001	6.22782709e-001
7.49833222e+001	6.22735791e-001
7.52501668e+001	6.22688873e-001
7.55170113e+001	6.22641954e-001
7.57838559e+001	6.22595036e-001
7.60507005e+001	6.22548118e-001
7.63175450e+001	6.22501199e-001
7.65843896e+001	6.22454281e-001
7.68512342e+001	6.22407365e-001
7.71180787e+001	6.22365114e-001
7.73849233e+001	6.22322864e-001
7.76517678e+001	6.22280613e-001
7.79186124e+001	6.22238363e-001
7.81854570e+001	6.22196112e-001
7.84523015e+001	6.22153861e-001
7.87191461e+001	6.22111611e-001
7.89859907e+001	6.22069360e-001
7.92528352e+001	6.22027110e-001
7.95196798e+001	6.21984859e-001
7.97865243e+001	6.21942609e-001
8.00533689e+001	6.21900358e-001
8.03202135e+001	6.21858107e-001
8.05870580e+001	6.21815857e-001
8.08539026e+001	6.21773606e-001
8.11207472e+001	6.21731356e-001
8.13875917e+001	6.21689105e-001
8.16544363e+001	6.21646855e-001
8.19212809e+001	6.21604604e-001
8.21881254e+001	6.21562353e-001
8.24549700e+001	6.21520103e-001
8.27218145e+001	6.21477852e-001
8.29886591e+001	6.21435602e-001
8.32555037e+001	6.21393351e-001
8.35223482e+001	6.21351101e-001
8.37891928e+001	6.21308850e-001
8.40560374e+001	6.21266599e-001
8.43228819e+001	6.21224349e-001
8.45897265e+001	6.21182098e-001
8.48565710e+001	6.21139848e-001
8.51234156e+001	6.21097597e-001
8.53902602e+001	6.21055347e-001
8.56571047e+001	6.21013096e-001
8.59239493e+001	6.20970845e-001
8.61907939e+001	6.20928595e-001
8.64576384e+001	6.20887606e-001
8.67244830e+001	6.20864841e-001
8.69913276e+001	6.20842076e-001
8.72581721e+001	6.20819312e-001
8.75250167e+001	6.20796547e-001
8.77918612e+001	6.20773782e-001
8.80587058e+001	6.20751018e-001
8.83255504e+001	6.20728253e-001
8.85923949e+001	6.20705488e-001
8.88592395e+001	6.20682723e-001
8.91260841e+001	6.20659959e-001
8.93929286e+001	6.20637194e-001
8.96597732e+001	6.20614429e-001
8.99266177e+001	6.20591665e-001
9.01934623e+001	6.20568900e-001
9.04603069e+001	6.20546135e-001
9.07271514e+001	6.20523370e-001
9.09939960e+001	6.20500606e-001
9.12608406e+001	6.20477841e-001
9.15276851e+001	6.20455076e-001
9.17945297e+001	6.20432312e-001
9.20613742e+001	6.20409547e-001
9.23282188e+001	6.20386782e-001
9.25950634e+001	6.20364017e-001
9.28619079e+001	6.20341253e-001
9.31287525e+001	6.20318488e-001
9.33955971e+001	6.20295723e-001
9.36624416e+001	6.20272959e-001
9.39292862e+001	6.20250194e-001
9.41961308e+001	6.20227429e-001
9.44629753e+001	6.20204664e-001
9.47298199e+001	6.20181900e-001
9.49966644e+001	6.20159135e-001
9.52635090e+001	6.20136370e-001
9.55303536e+001	6.20113605e-001
9.57971981e+001	6.20090841e-001
9.60640427e+001	6.20068076e-001
9.63308873e+001	6.20045311e-001
9.65977318e+001	6.20022547e-001
9.68645764e+001	6.19999782e-001
9.71314209e+001	6.19977017e-001
9.73982655e+001	6.19950127e-001
9.76651101e+001	6.19922336e-001
9.79319546e+001	6.19894545e-001
9.81987992e+001	6.19866753e-001
9.84656438e+001	6.19838962e-001
9.87324883e+001	6.19811171e-001
9.89993329e+001	6.19783379e-001
9.92661775e+001	6.19755588e-001
9.95330220e+001	6.19727797e-001
9.97998666e+001	6.19700005e-001
1.00066711e+002	6.19672214e-001
1.00333556e+002	6.19644423e-001
1.00600400e+002	6.19616631e-001
1.00867245e+002	6.19588840e-001
1.01134089e+002	6.19561049e-001
1.01400934e+002	6.19533257e-001
1.01667779e+002	6.19505466e-001
1.01934623e+002	6.19477675e-001
1.02201468e+002	6.19449883e-001
1.02468312e+002	6.19422092e-001
1.02735157e+002	6.19394301e-001
1.03002001e+002	6.19366509e-001
1.03268846e+002	6.19338718e-001
1.03535690e+002	6.19310927e-001
1.03802535e+002	6.19283135e-001
1.04069380e+002	6.19255344e-001
1.04336224e+002	6.19227553e-001
1.04603069e+002	6.19199761e-001
1.04869913e+002	6.19169221e-001
1.05136758e+002	6.19135359e-001
1.05403602e+002	6.19101496e-001
1.05670447e+002	6.19067633e-001
1.05937292e+002	6.19033771e-001
1.06204136e+002	6.18999908e-001
1.06470981e+002	6.18966045e-001
1.06737825e+002	6.18932183e-001
1.07004670e+002	6.18898320e-001
1.07271514e+002	6.18864458e-001
1.07538359e+002	6.18830595e-001
1.07805203e+002	6.18796732e-001
1.08072048e+002	6.18762870e-001
1.08338893e+002	6.18729007e-001
1.08605737e+002	6.18695144e-001
1.08872582e+002	6.18661282e-001
1.09139426e+002	6.18627419e-001
1.09406271e+002	6.18593556e-001
1.09673115e+002	6.18559694e-001
1.09939960e+002	6.18525831e-001
1.10206805e+002	6.18491969e-001
1.10473649e+002	6.18458106e-001
1.10740494e+002	6.18424243e-001
1.11007338e+002	6.18390381e-001
1.11274183e+002	6.18356518e-001
1.11541027e+002	6.18333522e-001
1.11807872e+002	6.18313391e-001
1.12074716e+002	6.18293260e-001
1.12341561e+002	6.18273130e-001
1.12608406e+002	6.18252999e-001
1.12875250e+002	6.18232868e-001
1.13142095e+002	6.18212738e-001
1.13408939e+002	6.18192607e-001
1.13675784e+002	6.18172476e-001
1.13942628e+002	6.18152346e-001
1.14209473e+002	6.18132215e-001
1.14476318e+002	6.18112537e-001
1.14743162e+002	6.18093355e-001
1.15010007e+002	6.18074174e-001
1.15276851e+002	6.18054993e-001
1.15543696e+002	6.18035812e-001
1.15810540e+002	6.18016631e-001
1.16077385e+002	6.17997449e-001
1.16344229e+002	6.17978268e-001
1.16611074e+002	6.17959087e-001
1.16877919e+002	6.17939906e-001
1.17144763e+002	6.17920725e-001
1.17411608e+002	6.17901543e-001
1.17678452e+002	6.17882362e-001
1.17945297e+002	6.17863181e-001
1.18212141e+002	6.17844000e-001
1.18478986e+002	6.17824819e-001
1.18745831e+002	6.17805637e-001
1.19012675e+002	6.17786456e-001
1.19279520e+002	6.17767275e-001
1.19546364e+002	6.17748094e-001
1.19813209e+002	6.17728913e-001
1.20080053e+002	6.17709731e-001
1.20346898e+002	6.17690550e-001
1.20613742e+002	6.17670878e-001
1.20880587e+002	6.17650299e-001
1.21147432e+002	6.17629720e-001
1.21414276e+002	6.17609140e-001
1.21681121e+002	6.17588561e-001
1.21947965e+002	6.17567982e-001
1.22214810e+002	6.17547403e-001
1.22481654e+002	6.17526824e-001
1.22748499e+002	6.17506244e-001
1.23015344e+002	6.17485665e-001
1.23282188e+002	6.17465086e-001
1.23549033e+002	6.17444507e-001
1.23815877e+002	6.17423928e-001
1.24082722e+002	6.17403348e-001
1.24349566e+002	6.17383197e-001
1.24616411e+002	6.17367161e-001
1.24883256e+002	6.17351124e-001
1.25150100e+002	6.17335087e-001
1.25416945e+002	6.17319051e-001
1.25683789e+002	6.17303014e-001
1.25950634e+002	6.17286978e-001
1.26217478e+002	6.17270941e-001
1.26484323e+002	6.17254904e-001
1.26751167e+002	6.17238868e-001
1.27018012e+002	6.17222831e-001
1.27284857e+002	6.17206795e-001
1.27551701e+002	6.17190758e-001
1.27818546e+002	6.17174722e-001
1.28085390e+002	6.17158685e-001
1.28352235e+002	6.17142648e-001
1.28619079e+002	6.17126612e-001
1.28885924e+002	6.17110575e-001
1.29152769e+002	6.17094539e-001
1.29419613e+002	6.17078502e-001
1.29686458e+002	6.17062465e-001
1.29953302e+002	6.17046429e-001
1.30220147e+002	6.17030392e-001
1.30486991e+002	6.17014356e-001
1.30753836e+002	6.16998319e-001
1.31020680e+002	6.16982283e-001
1.31287525e+002	6.16966246e-001
1.31554370e+002	6.16950209e-001
1.31821214e+002	6.16934173e-001
1.32088059e+002	6.16918136e-001
1.32354903e+002	6.16902100e-001
1.32621748e+002	6.16886063e-001
1.32888592e+002	6.16870026e-001
1.33155437e+002	6.16853990e-001
1.33422282e+002	6.16837953e-001
1.33689126e+002	6.16821917e-001
1.33955971e+002	6.16805880e-001
1.34222815e+002	6.16789844e-001
1.34489660e+002	6.16773807e-001
1.34756504e+002	6.16757770e-001
1.35023349e+002	6.16741777e-001
1.35290193e+002	6.16726329e-001
1.35557038e+002	6.16710880e-001
1.35823883e+002	6.16695432e-001
1.36090727e+002	6.16679983e-001
1.36357572e+002	6.16664535e-001
1.36624416e+002	6.16649086e-001
1.36891261e+002	6.16633638e-001
1.37158105e+002	6.16618189e-001
1.37424950e+002	6.16604190e-001
1.37691795e+002	6.16591128e-001
1.37958639e+002	6.16578067e-001
1.38225484e+002	6.16565005e-001
1.38492328e+002	6.16551943e-001
1.38759173e+002	6.16538882e-001
1.39026017e+002	6.16525820e-001
1.39292862e+002	6.16513502e-001
1.39559706e+002	6.16502479e-001
1.39826551e+002	6.16491457e-001
1.40093396e+002	6.16480434e-001
1.40360240e+002	6.16469411e-001
1.40627085e+002	6.16458389e-001
1.40893929e+002	6.16447366e-001
1.41160774e+002	6.16436344e-001
1.41427618e+002	6.16425321e-001
1.41694463e+002	6.16414299e-001
1.41961308e+002	6.16403276e-001
1.42228152e+002	6.16392253e-001
1.42494997e+002	6.16381231e-001
1.42761841e+002	6.16370208e-001
1.43028686e+002	6.16359186e-001
1.43295530e+002	6.16348163e-001
1.43562375e+002	6.16337141e-001
1.43829219e+002	6.16326118e-001
1.44096064e+002	6.16315095e-001
1.44362909e+002	6.16304073e-001
1.44629753e+002	6.16293050e-001
1.44896598e+002	6.16282028e-001
1.45163442e+002	6.16271005e-001
1.45430287e+002	6.16259983e-001
1.45697131e+002	6.16248960e-001
1.45963976e+002	6.16237937e-001
1.46230821e+002	6.16226915e-001
1.46497665e+002	6.16215892e-001
1.46764510e+002	6.16204870e-001
1.47031354e+002	6.16193847e-001
1.47298199e+002	6.16182825e-001
1.47565043e+002	6.16171802e-001
1.47831888e+002	6.16160779e-001
1.48098732e+002	6.16149757e-001
1.48365577e+002	6.16138734e-001
1.48632422e+002	6.16127712e-001
1.48899266e+002	6.16116689e-001
1.49166111e+002	6.16105667e-001
1.49432955e+002	6.16094644e-001
1.49699800e+002	6.16083621e-001
1.49966644e+002	6.16072599e-001
1.50233489e+002	6.16061576e-001
1.50500334e+002	6.16050554e-001
1.50767178e+002	6.16039531e-001
1.51034023e+002	6.16028509e-001
1.51300867e+002	6.16017486e-001
1.51567712e+002	6.16006463e-001
1.51834556e+002	6.15995441e-001
1.52101401e+002	6.15984418e-001
1.52368245e+002	6.15974390e-001
1.52635090e+002	6.15964864e-001
1.52901935e+002	6.15955338e-001
1.53168779e+002	6.15945813e-001
1.53435624e+002	6.15936287e-001
1.53702468e+002	6.15926761e-001
1.53969313e+002	6.15917235e-001
1.54236157e+002	6.15907709e-001
1.54503002e+002	6.15898183e-001
1.54769847e+002	6.15888657e-001
1.55036691e+002	6.15879131e-001
1.55303536e+002	6.15869605e-001
1.55570380e+002	6.15860079e-001
1.55837225e+002	6.15850553e-001
1.56104069e+002	6.15841027e-001
1.56370914e+002	6.15831501e-001
1.56637759e+002	6.15821976e-001
1.56904603e+002	6.15813432e-001
1.57171448e+002	6.15807251e-001
1.57438292e+002	6.15801069e-001
1.57705137e+002	6.15794887e-001
1.57971981e+002	6.15788706e-001
1.58238826e+002	6.15782524e-001
1.58505670e+002	6.15776343e-001
1.58772515e+002	6.15770161e-001
1.59039360e+002	6.15763980e-001
1.59306204e+002	6.15757798e-001
1.59573049e+002	6.15751617e-001
1.59839893e+002	6.15745435e-001
1.60106738e+002	6.15739254e-001
1.60373582e+002	6.15733072e-001
1.60640427e+002	6.15726891e-001
1.60907272e+002	6.15720709e-001
1.61174116e+002	6.15714528e-001
1.61440961e+002	6.15708346e-001
1.61707805e+002	6.15702164e-001
1.61974650e+002	6.15695983e-001
1.62241494e+002	6.15689801e-001
1.62508339e+002	6.15683620e-001
1.62775183e+002	6.15677438e-001
1.63042028e+002	6.15670055e-001
1.63308873e+002	6.15662456e-001
1.63575717e+002	6.15654856e-001
1.63842562e+002	6.15647256e-001
1.64109406e+002	6.15639656e-001
1.64376251e+002	6.15632057e-001
1.64643095e+002	6.15624457e-001
1.64909940e+002	6.15616857e-001
1.65176785e+002	6.15609257e-001
1.65443629e+002	6.15601658e-001
1.65710474e+002	6.15594058e-001
1.65977318e+002	6.15586458e-001
1.66244163e+002	6.15578859e-001
1.66511007e+002	6.15571259e-001
1.66777852e+002	6.15563659e-001
1.67044696e+002	6.15556059e-001
1.67311541e+002	6.15548460e-001
1.67578386e+002	6.15540860e-001
1.67845230e+002	6.15533260e-001
1.68112075e+002	6.15525661e-001
1.68378919e+002	6.15518061e-001
1.68645764e+002	6.15510461e-001
1.68912608e+002	6.15502861e-001
1.69179453e+002	6.15495262e-001
1.69446298e+002	6.15487662e-001
1.69713142e+002	6.15480062e-001
1.69979987e+002	6.15472462e-001
1.70246831e+002	6.15464863e-001
1.70513676e+002	6.15457263e-001
1.70780520e+002	6.15449663e-001
1.71047365e+002	6.15442064e-001
1.71314209e+002	6.15434464e-001
1.71581054e+002	6.15429998e-001
1.71847899e+002	6.15426505e-001
1.72114743e+002	6.15423011e-001
1.72381588e+002	6.15419518e-001
1.72648432e+002	6.15416025e-001
1.72915277e+002	6.15412531e-001
1.73182121e+002	6.15409038e-001
1.73448966e+002	6.15405544e-001
1.73715811e+002	6.15402051e-001
1.73982655e+002	6.15398558e-001
1.74249500e+002	6.15395064e-001
1.74516344e+002	6.15391571e-001
1.74783189e+002	6.15388077e-001
1.75050033e+002	6.15384584e-001
1.75316878e+002	6.15381090e-001
1.75583722e+002	6.15377597e-001
1.75850567e+002	6.15374104e-001
1.76117412e+002	6.15370610e-001
1.76384256e+002	6.15367117e-001
1.76651101e+002	6.15363623e-001
1.76917945e+002	6.15360130e-001
1.77184790e+002	6.15356637e-001
1.77451634e+002	6.15353207e-001
1.77718479e+002	6.15349917e-001
1.77985324e+002	6.15346626e-001
1.78252168e+002	6.15343335e-001
1.78519013e+002	6.15340044e-001
1.78785857e+002	6.15336754e-001
1.79052702e+002	6.15333463e-001
1.79319546e+002	6.15330172e-001
1.79586391e+002	6.15326881e-001
1.79853235e+002	6.15323590e-001
1.80120080e+002	6.15320300e-001
1.80386925e+002	6.15317009e-001
1.80653769e+002	6.15313718e-001
1.80920614e+002	6.15310427e-001
1.81187458e+002	6.15307136e-001
1.81454303e+002	6.15303846e-001
1.81721147e+002	6.15300555e-001
1.81987992e+002	6.15297264e-001
1.82254837e+002	6.15293973e-001
1.82521681e+002	6.15290683e-001
1.82788526e+002	6.15287392e-001
1.83055370e+002	6.15284101e-001
1.83322215e+002	6.15280810e-001
1.83589059e+002	6.15277519e-001
1.83855904e+002	6.15274229e-001
1.84122748e+002	6.15270938e-001
1.84389593e+002	6.15267647e-001
1.84656438e+002	6.15264356e-001
1.84923282e+002	6.15261066e-001
1.85190127e+002	6.15257775e-001
1.85456971e+002	6.15254484e-001
1.85723816e+002	6.15251193e-001
1.85990660e+002	6.15247902e-001
1.86257505e+002	6.15244612e-001
1.86524350e+002	6.15241321e-001
1.86791194e+002	6.15238030e-001
1.87058039e+002	6.15234739e-001
1.87324883e+002	6.15231448e-001
1.87591728e+002	6.15229461e-001
1.87858572e+002	6.15228732e-001
1.88125417e+002	6.15228002e-001
1.88392262e+002	6.15227273e-001
1.88659106e+002	6.15226543e-001
1.88925951e+002	6.15225813e-001
1.89192795e+002	6.15225084e-001
1.89459640e+002	6.15224354e-001
1.89726484e+002	6.15223625e-001
1.89993329e+002	6.15222895e-001
1.90260173e+002	6.15222165e-001
1.90527018e+002	6.15221436e-001
1.90793863e+002	6.15220706e-001
1.91060707e+002	6.15219977e-001
1.91327552e+002	6.15219247e-001
1.91594396e+002	6.15218517e-001
1.91861241e+002	6.15217788e-001
1.92128085e+002	6.15217058e-001
1.92394930e+002	6.15216329e-001
1.92661775e+002	6.15215599e-001
1.92928619e+002	6.15214870e-001
1.93195464e+002	6.15214140e-001
1.93462308e+002	6.15213410e-001
1.93729153e+002	6.15212681e-001
1.93995997e+002	6.15211951e-001
1.94262842e+002	6.15211222e-001
1.94529686e+002	6.15210492e-001
1.94796531e+002	6.15209762e-001
1.95063376e+002	6.15209033e-001
1.95330220e+002	6.15208303e-001
1.95597065e+002	6.15207574e-001
1.95863909e+002	6.15206844e-001
1.96130754e+002	6.15206114e-001
1.96397598e+002	6.15205385e-001
1.96664443e+002	6.15204655e-001
1.96931288e+002	6.15203926e-001
1.97198132e+002	6.15203196e-001
1.97464977e+002	6.15202466e-001
1.97731821e+002	6.15201737e-001
1.97998666e+002	6.15201007e-001
1.98265510e+002	6.15200278e-001
1.98532355e+002	6.15199548e-001
1.98799199e+002	6.15199002e-001
1.99066044e+002	6.15198528e-001
1.99332889e+002	6.15198055e-001
1.99599733e+002	6.15197581e-001
1.99866578e+002	6.15197107e-001
2.00133422e+002	6.15196633e-001
2.00400267e+002	6.15196160e-001
2.00667111e+002	6.15195686e-001
2.00933956e+002	6.15195212e-001
2.01200801e+002	6.15194738e-001
2.01467645e+002	6.15194264e-001
2.01734490e+002	6.15193791e-001
2.02001334e+002	6.15193317e-001
2.02268179e+002	6.15192843e-001
2.02535023e+002	6.15192369e-001
2.02801868e+002	6.15191896e-001
2.03068712e+002	6.15191660e-001
2.03335557e+002	6.15193373e-001
2.03602402e+002	6.15195085e-001
2.03869246e+002	6.15196798e-001
2.04136091e+002	6.15198510e-001
2.04402935e+002	6.15200223e-001
2.04669780e+002	6.15201935e-001
2.04936624e+002	6.15203647e-001
2.05203469e+002	6.15205360e-001
2.05470314e+002	6.15207072e-001
2.05737158e+002	6.15208785e-001
2.06004003e+002	6.15210497e-001
2.06270847e+002	6.15212210e-001
2.06537692e+002	6.15213922e-001
2.06804536e+002	6.15215634e-001
2.07071381e+002	6.15217347e-001
2.07338225e+002	6.15219059e-001
2.07605070e+002	6.15220772e-001
2.07871915e+002	6.15222484e-001
2.08138759e+002	6.15224197e-001
2.08405604e+002	6.15225909e-001
2.08672448e+002	6.15227621e-001
2.08939293e+002	6.15229334e-001
2.09206137e+002	6.15231046e-001
2.09472982e+002	6.15232759e-001
2.09739827e+002	6.15234471e-001
2.10006671e+002	6.15236184e-001
2.10273516e+002	6.15237896e-001
2.10540360e+002	6.15239609e-001
2.10807205e+002	6.15241321e-001
2.11074049e+002	6.15243033e-001
2.11340894e+002	6.15244746e-001
2.11607738e+002	6.15246458e-001
2.11874583e+002	6.15248171e-001
2.12141428e+002	6.15249883e-001
2.12408272e+002	6.15251596e-001
2.12675117e+002	6.15253308e-001
2.12941961e+002	6.15255020e-001
2.13208806e+002	6.15256733e-001
2.13475650e+002	6.15258445e-001
2.13742495e+002	6.15260158e-001
2.14009340e+002	6.15261870e-001
2.14276184e+002	6.15263583e-001
2.14543029e+002	6.15265295e-001
2.14809873e+002	6.15267008e-001
2.15076718e+002	6.15268720e-001
2.15343562e+002	6.15270432e-001
2.15610407e+002	6.15272145e-001
2.15877252e+002	6.15273857e-001
2.16144096e+002	6.15275570e-001
2.16410941e+002	6.15277282e-001
2.16677785e+002	6.15278995e-001
2.16944630e+002	6.15280707e-001
2.17211474e+002	6.15282419e-001
2.17478319e+002	6.15284132e-001
2.17745163e+002	6.15285844e-001
2.18012008e+002	6.15288566e-001
2.18278853e+002	6.15291916e-001
2.18545697e+002	6.15295267e-001
2.18812542e+002	6.15298617e-001
2.19079386e+002	6.15301968e-001
2.19346231e+002	6.15305319e-001
2.19613075e+002	6.15308669e-001
2.19879920e+002	6.15312020e-001
2.20146765e+002	6.15315370e-001
2.20413609e+002	6.15318721e-001
2.20680454e+002	6.15322072e-001
2.20947298e+002	6.15325422e-001
2.21214143e+002	6.15328824e-001
2.21480987e+002	6.15334178e-001
2.21747832e+002	6.15339533e-001
2.22014676e+002	6.15344888e-001
2.22281521e+002	6.15350242e-001
2.22548366e+002	6.15355597e-001
2.22815210e+002	6.15360952e-001
2.23082055e+002	6.15366306e-001
2.23348899e+002	6.15371661e-001
2.23615744e+002	6.15377016e-001
2.23882588e+002	6.15382370e-001
2.24149433e+002	6.15387725e-001
2.24416278e+002	6.15393080e-001
2.24683122e+002	6.15398434e-001
2.24949967e+002	6.15403789e-001
2.25216811e+002	6.15409144e-001
2.25483656e+002	6.15414498e-001
2.25750500e+002	6.15419853e-001
2.26017345e+002	6.15425208e-001
2.26284189e+002	6.15430562e-001
2.26551034e+002	6.15435917e-001
2.26817879e+002	6.15441272e-001
2.27084723e+002	6.15446626e-001
2.27351568e+002	6.15451981e-001
2.27618412e+002	6.15457336e-001
2.27885257e+002	6.15462690e-001
2.28152101e+002	6.15468045e-001
2.28418946e+002	6.15473400e-001
2.28685791e+002	6.15478754e-001
2.28952635e+002	6.15484109e-001
2.29219480e+002	6.15489464e-001
2.29486324e+002	6.15494818e-001
2.29753169e+002	6.15500173e-001
2.30020013e+002	6.15505528e-001
2.30286858e+002	6.15510882e-001
2.30553702e+002	6.15516237e-001
2.30820547e+002	6.15521592e-001
2.31087392e+002	6.15526946e-001
2.31354236e+002	6.15532301e-001
2.31621081e+002	6.15537656e-001
2.31887925e+002	6.15543010e-001
2.32154770e+002	6.15548365e-001
2.32421614e+002	6.15553720e-001
2.32688459e+002	6.15559074e-001
2.32955304e+002	6.15564429e-001
2.33222148e+002	6.15569784e-001
2.33488993e+002	6.15575138e-001
2.33755837e+002	6.15580493e-001
2.34022682e+002	6.15585848e-001
2.34289526e+002	6.15591202e-001
2.34556371e+002	6.15596557e-001
2.34823215e+002	6.15601912e-001
2.35090060e+002	6.15607333e-001
2.35356905e+002	6.15613215e-001
2.35623749e+002	6.15619096e-001
2.35890594e+002	6.15624978e-001
2.36157438e+002	6.15630859e-001
2.36424283e+002	6.15637576e-001
2.36691127e+002	6.15645233e-001
2.36957972e+002	6.15652889e-001
2.37224817e+002	6.15660546e-001
2.37491661e+002	6.15668202e-001
2.37758506e+002	6.15675859e-001
2.38025350e+002	6.15683515e-001
2.38292195e+002	6.15691172e-001
2.38559039e+002	6.15698828e-001
2.38825884e+002	6.15706485e-001
2.39092728e+002	6.15714141e-001
2.39359573e+002	6.15721798e-001
2.39626418e+002	6.15729454e-001
2.39893262e+002	6.15737111e-001
2.40160107e+002	6.15744767e-001
2.40426951e+002	6.15752424e-001
2.40693796e+002	6.15760080e-001
2.40960640e+002	6.15767737e-001
2.41227485e+002	6.15775393e-001
2.41494330e+002	6.15783050e-001
2.41761174e+002	6.15790706e-001
2.42028019e+002	6.15798363e-001
2.42294863e+002	6.15806019e-001
2.42561708e+002	6.15813676e-001
2.42828552e+002	6.15821332e-001
2.43095397e+002	6.15828989e-001
2.43362241e+002	6.15836645e-001
2.43629086e+002	6.15844302e-001
2.43895931e+002	6.15851958e-001
2.44162775e+002	6.15859615e-001
2.44429620e+002	6.15867271e-001
2.44696464e+002	6.15874928e-001
2.44963309e+002	6.15882584e-001
2.45230153e+002	6.15890241e-001
2.45496998e+002	6.15897673e-001
2.45763843e+002	6.15904825e-001
2.46030687e+002	6.15911976e-001
2.46297532e+002	6.15919128e-001
2.46564376e+002	6.15926280e-001
2.46831221e+002	6.15933431e-001
2.47098065e+002	6.15940583e-001
2.47364910e+002	6.15947734e-001
2.47631755e+002	6.15954886e-001
2.47898599e+002	6.15962038e-001
2.48165444e+002	6.15969189e-001
2.48432288e+002	6.15976341e-001
2.48699133e+002	6.15983492e-001
2.48965977e+002	6.15990644e-001
2.49232822e+002	6.15997796e-001
2.49499666e+002	6.16004947e-001
2.49766511e+002	6.16012099e-001
2.50033356e+002	6.16019250e-001
2.50300200e+002	6.16026402e-001
2.50567045e+002	6.16033554e-001
2.50833889e+002	6.16040705e-001
2.51100734e+002	6.16047857e-001
2.51367578e+002	6.16055008e-001
2.51634423e+002	6.16062160e-001
2.51901268e+002	6.16069312e-001
2.52168112e+002	6.16076463e-001
2.52434957e+002	6.16083615e-001
2.52701801e+002	6.16092796e-001
2.52968646e+002	6.16104026e-001
2.53235490e+002	6.16115256e-001
2.53502335e+002	6.16126486e-001
2.53769179e+002	6.16137716e-001
2.54036024e+002	6.16148946e-001
2.54302869e+002	6.16160176e-001
2.54569713e+002	6.16171406e-001
2.54836558e+002	6.16182636e-001
2.55103402e+002	6.16193866e-001
2.55370247e+002	6.16205096e-001
2.55637091e+002	6.16216326e-001
2.55903936e+002	6.16227556e-001
2.56170781e+002	6.16238786e-001
2.56437625e+002	6.16250015e-001
2.56704470e+002	6.16261245e-001
2.56971314e+002	6.16272365e-001
2.57238159e+002	6.16283081e-001
2.57505003e+002	6.16293796e-001
2.57771848e+002	6.16304511e-001
2.58038692e+002	6.16315227e-001
2.58305537e+002	6.16325942e-001
2.58572382e+002	6.16336657e-001
2.58839226e+002	6.16347373e-001
2.59106071e+002	6.16358088e-001
2.59372915e+002	6.16368803e-001
2.59639760e+002	6.16379519e-001
2.59906604e+002	6.16390234e-001
2.60173449e+002	6.16400949e-001
2.60440294e+002	6.16411665e-001
2.60707138e+002	6.16422380e-001
2.60973983e+002	6.16433095e-001
2.61240827e+002	6.16443811e-001
2.61507672e+002	6.16454526e-001
2.61774516e+002	6.16465241e-001
2.62041361e+002	6.16475957e-001
2.62308205e+002	6.16486672e-001
2.62575050e+002	6.16497387e-001
2.62841895e+002	6.16508103e-001
2.63108739e+002	6.16518818e-001
2.63375584e+002	6.16529533e-001
2.63642428e+002	6.16540249e-001
2.63909273e+002	6.16550964e-001
2.64176117e+002	6.16561679e-001
2.64442962e+002	6.16572395e-001
2.64709807e+002	6.16583110e-001
2.64976651e+002	6.16593825e-001
2.65243496e+002	6.16604541e-001
2.65510340e+002	6.16615256e-001
2.65777185e+002	6.16628056e-001
2.66044029e+002	6.16644355e-001
2.66310874e+002	6.16660653e-001
2.66577718e+002	6.16676952e-001
2.66844563e+002	6.16693250e-001
2.67111408e+002	6.16709549e-001
2.67378252e+002	6.16725847e-001
2.67645097e+002	6.16742146e-001
2.67911941e+002	6.16758444e-001
2.68178786e+002	6.16774743e-001
2.68445630e+002	6.16791041e-001
2.68712475e+002	6.16807340e-001
2.68979320e+002	6.16823638e-001
2.69246164e+002	6.16839937e-001
2.69513009e+002	6.16856235e-001
2.69779853e+002	6.16872534e-001
2.70046698e+002	6.16888832e-001
2.70313542e+002	6.16905130e-001
2.70580387e+002	6.16921429e-001
2.70847231e+002	6.16937960e-001
2.71114076e+002	6.16954560e-001
2.71380921e+002	6.16971160e-001
2.71647765e+002	6.16987760e-001
2.71914610e+002	6.17004360e-001
2.72181454e+002	6.17020960e-001
2.72448299e+002	6.17037560e-001
2.72715143e+002	6.17054160e-001
2.72981988e+002	6.17070760e-001
2.73248833e+002	6.17087360e-001
2.73515677e+002	6.17103960e-001
2.73782522e+002	6.17120560e-001
2.74049366e+002	6.17137160e-001
2.74316211e+002	6.17153761e-001
2.74583055e+002	6.17170361e-001
2.74849900e+002	6.17186961e-001
2.75116744e+002	6.17203561e-001
2.75383589e+002	6.17220161e-001
2.75650434e+002	6.17236761e-001
2.75917278e+002	6.17253361e-001
2.76184123e+002	6.17269961e-001
2.76450967e+002	6.17286561e-001
2.76717812e+002	6.17303161e-001
2.76984656e+002	6.17319761e-001
2.77251501e+002	6.17336361e-001
2.77518346e+002	6.17352961e-001
2.77785190e+002	6.17369561e-001
2.78052035e+002	6.17386161e-001
2.78318879e+002	6.17403017e-001
2.78585724e+002	6.17425820e-001
2.78852568e+002	6.17448624e-001
2.79119413e+002	6.17471427e-001
2.79386258e+002	6.17494230e-001
2.79653102e+002	6.17517033e-001
2.79919947e+002	6.17539836e-001
2.80186791e+002	6.17562639e-001
2.80453636e+002	6.17585442e-001
2.80720480e+002	6.17608245e-001
2.80987325e+002	6.17631049e-001
2.81254169e+002	6.17653852e-001
2.81521014e+002	6.17676655e-001
2.81787859e+002	6.17699458e-001
2.82054703e+002	6.17722261e-001
2.82321548e+002	6.17748257e-001
2.82588392e+002	6.17775077e-001
2.82855237e+002	6.17801897e-001
2.83122081e+002	6.17828717e-001
2.83388926e+002	6.17855537e-001
2.83655771e+002	6.17882356e-001
2.83922615e+002	6.17909176e-001
2.84189460e+002	6.17935996e-001
2.84456304e+002	6.17962816e-001
2.84723149e+002	6.17989636e-001
2.84989993e+002	6.18016456e-001
2.85256838e+002	6.18043275e-001
2.85523682e+002	6.18070095e-001
2.85790527e+002	6.18096915e-001
2.86057372e+002	6.18123735e-001
2.86324216e+002	6.18150555e-001
2.86591061e+002	6.18177375e-001
2.86857905e+002	6.18204194e-001
2.87124750e+002	6.18231014e-001
2.87391594e+002	6.18257834e-001
2.87658439e+002	6.18284654e-001
2.87925284e+002	6.18311474e-001
2.88192128e+002	6.18338294e-001
2.88458973e+002	6.18365113e-001
2.88725817e+002	6.18391933e-001
2.88992662e+002	6.18418753e-001
2.89259506e+002	6.18445573e-001
2.89526351e+002	6.18472393e-001
2.89793195e+002	6.18499213e-001
2.90060040e+002	6.18526033e-001
2.90326885e+002	6.18552852e-001
2.90593729e+002	6.18579672e-001
2.90860574e+002	6.18606492e-001
2.91127418e+002	6.18633312e-001
2.91394263e+002	6.18660132e-001
2.91661107e+002	6.18686952e-001
2.91927952e+002	6.18713771e-001
2.92194797e+002	6.18740591e-001
2.92461641e+002	6.18767411e-001
2.92728486e+002	6.18794231e-001
2.92995330e+002	6.18821051e-001
2.93262175e+002	6.18847871e-001
2.93529019e+002	6.18874690e-001
2.93795864e+002	6.18901510e-001
2.94062708e+002	6.18928330e-001
2.94329553e+002	6.18955150e-001
2.94596398e+002	6.18981970e-001
2.94863242e+002	6.19008790e-001
2.95130087e+002	6.19035609e-001
2.95396931e+002	6.19062429e-001
2.95663776e+002	6.19089249e-001
2.95930620e+002	6.19113477e-001
2.96197465e+002	6.19136611e-001
2.96464310e+002	6.19159746e-001
2.96731154e+002	6.19182880e-001
2.96997999e+002	6.19206014e-001
2.97264843e+002	6.19229148e-001
2.97531688e+002	6.19252282e-001
2.97798532e+002	6.19282042e-001
2.98065377e+002	6.19326241e-001
2.98332221e+002	6.19370440e-001
2.98599066e+002	6.19414639e-001
2.98865911e+002	6.19458838e-001
2.99132755e+002	6.19503036e-001
2.99399600e+002	6.19547235e-001
2.99666444e+002	6.19591434e-001
2.99933289e+002	6.19635633e-001
3.00200133e+002	6.19669461e-001
3.00466978e+002	6.19695319e-001
3.00733823e+002	6.19721177e-001
3.01000667e+002	6.19747034e-001
3.01267512e+002	6.19772892e-001
3.01534356e+002	6.19798750e-001
3.01801201e+002	6.19824608e-001
3.02068045e+002	6.19850465e-001
3.02334890e+002	6.19876323e-001
3.02601734e+002	6.19902181e-001
3.02868579e+002	6.19928039e-001
3.03135424e+002	6.19953896e-001
3.03402268e+002	6.19979754e-001
3.03669113e+002	6.20005612e-001
3.03935957e+002	6.20031470e-001
3.04202802e+002	6.20057327e-001
3.04469646e+002	6.20083185e-001
3.04736491e+002	6.20109043e-001
3.05003336e+002	6.20134901e-001
3.05270180e+002	6.20160759e-001
3.05537025e+002	6.20186616e-001
3.05803869e+002	6.20212474e-001
3.06070714e+002	6.20238332e-001
3.06337558e+002	6.20264190e-001
3.06604403e+002	6.20290047e-001
3.06871247e+002	6.20315905e-001
3.07138092e+002	6.20341763e-001
3.07404937e+002	6.20367621e-001
3.07671781e+002	6.20393478e-001
3.07938626e+002	6.20419336e-001
3.08205470e+002	6.20445194e-001
3.08472315e+002	6.20471052e-001
3.08739159e+002	6.20496909e-001
3.09006004e+002	6.20522767e-001
3.09272849e+002	6.20548625e-001
3.09539693e+002	6.20574483e-001
3.09806538e+002	6.20600340e-001
3.10073382e+002	6.20626198e-001
3.10340227e+002	6.20652056e-001
3.10607071e+002	6.20677914e-001
3.10873916e+002	6.20703771e-001
3.11140761e+002	6.20729629e-001
3.11407605e+002	6.20755487e-001
3.11674450e+002	6.20781345e-001
3.11941294e+002	6.20807202e-001
3.12208139e+002	6.20833060e-001
3.12474983e+002	6.20858918e-001
3.12741828e+002	6.20884776e-001
3.13008672e+002	6.20910633e-001
3.13275517e+002	6.20936491e-001
3.13542362e+002	6.20962349e-001
3.13809206e+002	6.20988207e-001
3.14076051e+002	6.21014064e-001
3.14342895e+002	6.21039922e-001
3.14609740e+002	6.21065780e-001
3.14876584e+002	6.21091638e-001
3.15143429e+002	6.21117496e-001
3.15410274e+002	6.21143353e-001
3.15677118e+002	6.21169211e-001
3.15943963e+002	6.21195069e-001
3.16210807e+002	6.21220927e-001
3.16477652e+002	6.21246784e-001
3.16744496e+002	6.21272642e-001
3.17011341e+002	6.21298500e-001
3.17278185e+002	6.21324358e-001
3.17545030e+002	6.21350215e-001
3.17811875e+002	6.21376073e-001
3.18078719e+002	6.21401931e-001
3.18345564e+002	6.21427789e-001
3.18612408e+002	6.21453646e-001
3.18879253e+002	6.21479504e-001
3.19146097e+002	6.21505362e-001
3.19412942e+002	6.21531220e-001
3.19679787e+002	6.21557077e-001
3.19946631e+002	6.21582935e-001
3.20213476e+002	6.21608793e-001
3.20480320e+002	6.21634651e-001
3.20747165e+002	6.21660946e-001
3.21014009e+002	6.21703437e-001
3.21280854e+002	6.21745927e-001
3.21547698e+002	6.21788417e-001
3.21814543e+002	6.21830908e-001
3.22081388e+002	6.21873398e-001
3.22348232e+002	6.21915888e-001
3.22615077e+002	6.21958379e-001
3.22881921e+002	6.22000869e-001
3.23148766e+002	6.22043359e-001
3.23415610e+002	6.22085850e-001
3.23682455e+002	6.22128340e-001
3.23949300e+002	6.22170830e-001
3.24216144e+002	6.22213321e-001
3.24482989e+002	6.22255811e-001
3.24749833e+002	6.22298301e-001
3.25016678e+002	6.22340792e-001
3.25283522e+002	6.22383282e-001
3.25550367e+002	6.22425772e-001
3.25817211e+002	6.22468263e-001
3.26084056e+002	6.22510753e-001
3.26350901e+002	6.22553243e-001
3.26617745e+002	6.22595734e-001
3.26884590e+002	6.22638224e-001
3.27151434e+002	6.22680714e-001
3.27418279e+002	6.22723205e-001
3.27685123e+002	6.22765695e-001
3.27951968e+002	6.22808185e-001
3.28218813e+002	6.22850676e-001
3.28485657e+002	6.22893166e-001
3.28752502e+002	6.22935656e-001
3.29019346e+002	6.22974669e-001
3.29286191e+002	6.23006858e-001
3.29553035e+002	6.23039048e-001
3.29819880e+002	6.23071238e-001
3.30086724e+002	6.23103428e-001
3.30353569e+002	6.23135617e-001
3.30620414e+002	6.23167807e-001
3.30887258e+002	6.23199997e-001
3.31154103e+002	6.23232187e-001
3.31420947e+002	6.23264376e-001
3.31687792e+002	6.23296566e-001
3.31954636e+002	6.23328756e-001
3.32221481e+002	6.23360946e-001
3.32488326e+002	6.23393136e-001
3.32755170e+002	6.23425325e-001
3.33022015e+002	6.23457515e-001
3.33288859e+002	6.23489705e-001
3.33555704e+002	6.23521895e-001
3.33822548e+002	6.23554084e-001
3.34089393e+002	6.23586274e-001
3.34356237e+002	6.23618464e-001
3.34623082e+002	6.23650654e-001
3.34889927e+002	6.23682531e-001
3.35156771e+002	6.23713997e-001
3.35423616e+002	6.23745462e-001
3.35690460e+002	6.23776928e-001
3.35957305e+002	6.23808393e-001
3.36224149e+002	6.23839859e-001
3.36490994e+002	6.23871324e-001
3.36757839e+002	6.23902790e-001
3.37024683e+002	6.23934255e-001
3.37291528e+002	6.23965721e-001
3.37558372e+002	6.23997186e-001
3.37825217e+002	6.24028652e-001
3.38092061e+002	6.24060117e-001
3.38358906e+002	6.24091583e-001
3.38625751e+002	6.24123048e-001
3.38892595e+002	6.24154514e-001
3.39159440e+002	6.24185980e-001
3.39426284e+002	6.24217445e-001
3.39693129e+002	6.24248911e-001
3.39959973e+002	6.24281313e-001
3.40226818e+002	6.24331444e-001
3.40493662e+002	6.24381574e-001
3.40760507e+002	6.24431704e-001
3.41027352e+002	6.24481835e-001
3.41294196e+002	6.24531965e-001
3.41561041e+002	6.24582095e-001
3.41827885e+002	6.24632225e-001
3.42094730e+002	6.24682356e-001
3.42361574e+002	6.24732486e-001
3.42628419e+002	6.24782616e-001
3.42895264e+002	6.24832747e-001
3.43162108e+002	6.24882877e-001
3.43428953e+002	6.24933007e-001
3.43695797e+002	6.24983138e-001
3.43962642e+002	6.25033268e-001
3.44229486e+002	6.25083398e-001
3.44496331e+002	6.25133529e-001
3.44763175e+002	6.25183659e-001
3.45030020e+002	6.25233789e-001
3.45296865e+002	6.25283920e-001
3.45563709e+002	6.25334050e-001
3.45830554e+002	6.25384180e-001
3.46097398e+002	6.25434311e-001
3.46364243e+002	6.25484441e-001
3.46631087e+002	6.25534571e-001
3.46897932e+002	6.25584702e-001
3.47164777e+002	6.25639788e-001
3.47431621e+002	6.25703684e-001
3.47698466e+002	6.25767579e-001
3.47965310e+002	6.25831474e-001
3.48232155e+002	6.25895369e-001
3.48498999e+002	6.25959264e-001
3.48765844e+002	6.26023160e-001
3.49032688e+002	6.26087055e-001
3.49299533e+002	6.26150950e-001
3.49566378e+002	6.26214845e-001
3.49833222e+002	6.26278740e-001
3.50100067e+002	6.26342636e-001
3.50366911e+002	6.26406531e-001
3.50633756e+002	6.26470426e-001
3.50900600e+002	6.26534321e-001
3.51167445e+002	6.26598216e-001
3.51434290e+002	6.26662112e-001
3.51701134e+002	6.26726007e-001
3.51967979e+002	6.26789902e-001
3.52234823e+002	6.26853797e-001
3.52501668e+002	6.26917692e-001
3.52768512e+002	6.26981588e-001
3.53035357e+002	6.27045483e-001
3.53302201e+002	6.27109378e-001
3.53569046e+002	6.27173046e-001
3.53835891e+002	6.27181437e-001
3.54102735e+002	6.27189828e-001
3.54369580e+002	6.27198219e-001
3.54636424e+002	6.27206611e-001
3.54903269e+002	6.27215002e-001
3.55170113e+002	6.27223393e-001
3.55436958e+002	6.27231785e-001
3.55703803e+002	6.27240176e-001
3.55970647e+002	6.27248567e-001
3.56237492e+002	6.27256959e-001
3.56504336e+002	6.27265350e-001
3.56771181e+002	6.27273741e-001
3.57038025e+002	6.27282133e-001
3.57304870e+002	6.27290524e-001
3.57571714e+002	6.27298915e-001
3.57838559e+002	6.27307307e-001
3.58105404e+002	6.27315698e-001
3.58372248e+002	6.27324089e-001
3.58639093e+002	6.27332481e-001
3.58905937e+002	6.27340872e-001
3.59172782e+002	6.27349263e-001
3.59439626e+002	6.27357654e-001
3.59706471e+002	6.27366046e-001
3.59973316e+002	6.27374437e-001
3.60240160e+002	6.27382828e-001
3.60507005e+002	6.27391220e-001
3.60773849e+002	6.27399611e-001
3.61040694e+002	6.27453826e-001
3.61307538e+002	6.27560874e-001
3.61574383e+002	6.27667921e-001
3.61841227e+002	6.27774968e-001
3.62108072e+002	6.27882015e-001
3.62374917e+002	6.27989062e-001
3.62641761e+002	6.28096109e-001
3.62908606e+002	6.28203157e-001
3.63175450e+002	6.28310204e-001
3.63442295e+002	6.28417251e-001
3.63709139e+002	6.28524298e-001
3.63975984e+002	6.28631345e-001
3.64242829e+002	6.28738392e-001
3.64509673e+002	6.28845440e-001
3.64776518e+002	6.28952487e-001
3.65043362e+002	6.29059534e-001
3.65310207e+002	6.29166581e-001
3.65577051e+002	6.29273628e-001
3.65843896e+002	6.29380675e-001
3.66110740e+002	6.29487723e-001
3.66377585e+002	6.29594770e-001
3.66644430e+002	6.29701817e-001
3.66911274e+002	6.29808864e-001
3.67178119e+002	6.29915911e-001
3.67444963e+002	6.30022958e-001
3.67711808e+002	6.30130006e-001
3.67978652e+002	6.30237053e-001
3.68245497e+002	6.30344100e-001
3.68512342e+002	6.30451147e-001
3.68779186e+002	6.30558194e-001
3.69046031e+002	6.30665241e-001
3.69312875e+002	6.30772289e-001
3.69579720e+002	6.30879336e-001
3.69846564e+002	6.30986383e-001
3.70113409e+002	6.31093430e-001
3.70380254e+002	6.31200477e-001
3.70647098e+002	6.31307524e-001
3.70913943e+002	6.31414571e-001
3.71180787e+002	6.31521619e-001
3.71447632e+002	6.31628666e-001
3.71714476e+002	6.31735713e-001
3.71981321e+002	6.31842760e-001
3.72248165e+002	6.31949807e-001
3.72515010e+002	6.32056854e-001
3.72781855e+002	6.32163902e-001
3.73048699e+002	6.32270949e-001
3.73315544e+002	6.32377996e-001
3.73582388e+002	6.32485043e-001
3.73849233e+002	6.32592090e-001
3.74116077e+002	6.32699137e-001
3.74382922e+002	6.32806185e-001
3.74649767e+002	6.32913232e-001
3.74916611e+002	6.33020279e-001
3.75183456e+002	6.33127326e-001
3.75450300e+002	6.33220247e-001
3.75717145e+002	6.33313137e-001
3.75983989e+002	6.33406026e-001
3.76250834e+002	6.33594060e-001
3.76517678e+002	6.33789490e-001
3.76784523e+002	6.33878995e-001
3.77051368e+002	6.33968501e-001
3.77318212e+002	6.34058007e-001
3.77585057e+002	6.34147513e-001
3.77851901e+002	6.34237019e-001
3.78118746e+002	6.34326524e-001
3.78385590e+002	6.34416030e-001
3.78652435e+002	6.34505536e-001
3.78919280e+002	6.34595042e-001
3.79186124e+002	6.34684547e-001
3.79452969e+002	6.34774053e-001
3.79719813e+002	6.34863559e-001
3.79986658e+002	6.34953065e-001
3.80253502e+002	6.35042571e-001
3.80520347e+002	6.35132076e-001
3.80787191e+002	6.35221582e-001
3.81054036e+002	6.35311088e-001
3.81320881e+002	6.35400594e-001
3.81587725e+002	6.35490100e-001
3.81854570e+002	6.35579605e-001
3.82121414e+002	6.35669111e-001
3.82388259e+002	6.35758617e-001
3.82655103e+002	6.35848123e-001
3.82921948e+002	6.35937629e-001
3.83188793e+002	6.36027134e-001
3.83455637e+002	6.36116640e-001
3.83722482e+002	6.36206146e-001
3.83989326e+002	6.36295652e-001
3.84256171e+002	6.36385157e-001
3.84523015e+002	6.36474663e-001
3.84789860e+002	6.36564169e-001
3.85056704e+002	6.36653675e-001
3.85323549e+002	6.36871936e-001
3.85590394e+002	6.37102191e-001
3.85857238e+002	6.37332446e-001
3.86124083e+002	6.37562700e-001
3.86390927e+002	6.37792955e-001
3.86657772e+002	6.38023210e-001
3.86924616e+002	6.38253465e-001
3.87191461e+002	6.38483719e-001
3.87458306e+002	6.38713974e-001
3.87725150e+002	6.38944229e-001
3.87991995e+002	6.39174483e-001
3.88258839e+002	6.39404738e-001
3.88525684e+002	6.39634993e-001
3.88792528e+002	6.39865248e-001
3.89059373e+002	6.40095502e-001
3.89326217e+002	6.40325757e-001
3.89593062e+002	6.40556012e-001
3.89859907e+002	6.40786267e-001
3.90126751e+002	6.41016521e-001
3.90393596e+002	6.41375429e-001
3.90660440e+002	6.41990998e-001
3.90927285e+002	6.42606568e-001
3.91194129e+002	6.43222137e-001
3.91460974e+002	6.43837706e-001
3.91727819e+002	6.44453276e-001
3.91994663e+002	6.45068845e-001
3.92261508e+002	6.45684415e-001
3.92528352e+002	6.46299984e-001
3.92795197e+002	6.46915553e-001
3.93062041e+002	6.47531123e-001
3.93328886e+002	6.48146692e-001
3.93595730e+002	6.48762262e-001
3.93862575e+002	6.49377831e-001
3.94129420e+002	6.49993400e-001
3.94396264e+002	6.50608970e-001
3.94663109e+002	6.51224539e-001
3.94929953e+002	6.51840109e-001
3.95196798e+002	6.52455678e-001
3.95463642e+002	6.53071248e-001
3.95730487e+002	6.53686817e-001
3.95997332e+002	6.54302386e-001
3.96264176e+002	6.54917956e-001
3.96531021e+002	6.55533525e-001
3.96797865e+002	6.56149095e-001
3.97064710e+002	6.56764664e-001
3.97331554e+002	6.57380233e-001
3.97598399e+002	6.57995803e-001
3.97865243e+002	6.58611372e-001
3.98132088e+002	6.59226942e-001
3.98398933e+002	6.59842511e-001
3.98665777e+002	6.61125683e-001
3.98932622e+002	6.62434274e-001
3.99199466e+002	6.63742866e-001
3.99466311e+002	6.65051458e-001
3.99733155e+002	6.66360050e-001
4.00000000e+002	6.67668642e-001
