0.00000000e+000	6.18539257e-002	
3.33555704e-001	6.27390687e-002
6.67111408e-001	6.36242117e-002
1.00066711e+000	6.45093547e-002
1.33422282e+000	6.53944976e-002
1.66777852e+000	6.62796406e-002
2.00133422e+000	6.71647836e-002
2.33488993e+000	6.80499266e-002
2.66844563e+000	6.89350696e-002
3.00200133e+000	6.98202125e-002
3.33555704e+000	7.07053555e-002
3.66911274e+000	7.15904985e-002
4.00266845e+000	7.24756415e-002
4.33622415e+000	7.33607845e-002
4.66977985e+000	7.42459275e-002
5.00333556e+000	7.51350409e-002
5.33689126e+000	7.64992409e-002
5.67044696e+000	7.78634409e-002
6.00400267e+000	7.92276409e-002
6.33755837e+000	8.05918409e-002
6.67111408e+000	8.19560409e-002
7.00466978e+000	8.33202409e-002
7.33822548e+000	8.46844409e-002
7.67178119e+000	8.60486409e-002
8.00533689e+000	8.74128409e-002
8.33889260e+000	8.87770409e-002
8.67244830e+000	9.01412409e-002
9.00600400e+000	9.15054408e-002
9.33955971e+000	9.28696408e-002
9.67311541e+000	9.42338408e-002
1.00066711e+001	9.55980408e-002
1.03402268e+001	9.69622408e-002
1.06737825e+001	9.83264408e-002
1.10073382e+001	9.96906408e-002
1.13408939e+001	1.01054841e-001
1.16744496e+001	1.02419041e-001
1.20080053e+001	1.03783241e-001
1.23415610e+001	1.05147441e-001
1.26751167e+001	1.06511641e-001
1.30086724e+001	1.07875841e-001
1.33422282e+001	1.09240041e-001
1.36757839e+001	1.10604241e-001
1.40093396e+001	1.11968441e-001
1.43428953e+001	1.13332641e-001
1.46764510e+001	1.14696841e-001
1.50100067e+001	1.16061041e-001
1.53435624e+001	1.17738853e-001
1.56771181e+001	1.19568289e-001
1.60106738e+001	1.21397724e-001
1.63442295e+001	1.23227160e-001
1.66777852e+001	1.25056596e-001
1.70113409e+001	1.26886032e-001
1.73448966e+001	1.28715467e-001
1.76784523e+001	1.30544903e-001
1.80120080e+001	1.32374339e-001
1.83455637e+001	1.34203774e-001
1.86791194e+001	1.36033210e-001
1.90126751e+001	1.37862646e-001
1.93462308e+001	1.39692082e-001
1.96797865e+001	1.41521517e-001
2.00133422e+001	1.43350953e-001
2.03468979e+001	1.45180389e-001
2.06804536e+001	1.47009825e-001
2.10140093e+001	1.48839260e-001
2.13475650e+001	1.50668696e-001
2.16811207e+001	1.52498132e-001
2.20146765e+001	1.54327567e-001
2.23482322e+001	1.56157003e-001
2.26817879e+001	1.57986439e-001
2.30153436e+001	1.59815875e-001
2.33488993e+001	1.61645310e-001
2.36824550e+001	1.63474746e-001
2.40160107e+001	1.65304182e-001
2.43495664e+001	1.68416895e-001
2.46831221e+001	1.71939838e-001
2.50166778e+001	1.75462782e-001
2.53502335e+001	1.78985726e-001
2.56837892e+001	1.82508669e-001
2.60173449e+001	1.86031613e-001
2.63509006e+001	1.89554556e-001
2.66844563e+001	1.93077500e-001
2.70180120e+001	1.96600444e-001
2.73515677e+001	2.00123387e-001
2.76851234e+001	2.03646331e-001
2.80186791e+001	2.07169275e-001
2.83522348e+001	2.10692218e-001
2.86857905e+001	2.14215162e-001
2.90193462e+001	2.17738106e-001
2.93529019e+001	2.21261049e-001
2.96864576e+001	2.24783993e-001
3.00200133e+001	2.28306936e-001
3.03535690e+001	2.31779080e-001
3.06871247e+001	2.35208751e-001
3.10206805e+001	2.38638423e-001
3.13542362e+001	2.42068094e-001
3.16877919e+001	2.45497765e-001
3.20213476e+001	2.48927436e-001
3.23549033e+001	2.52357107e-001
3.26884590e+001	2.55786778e-001
3.30220147e+001	2.59216449e-001
3.33555704e+001	2.62646120e-001
3.36891261e+001	2.66075791e-001
3.40226818e+001	2.69505462e-001
3.43562375e+001	2.72935133e-001
3.46897932e+001	2.76364804e-001
3.50233489e+001	2.79794476e-001
3.53569046e+001	2.83224147e-001
3.56904603e+001	2.86653818e-001
3.60240160e+001	2.90083489e-001
3.63575717e+001	2.93513160e-001
3.66911274e+001	2.96942831e-001
3.70246831e+001	3.00372502e-001
3.73582388e+001	3.04301231e-001
3.76917945e+001	3.08579450e-001
3.80253502e+001	3.12857668e-001
3.83589059e+001	3.17135887e-001
3.86924616e+001	3.21414105e-001
3.90260173e+001	3.25692324e-001
3.93595730e+001	3.29970542e-001
3.96931288e+001	3.34248761e-001
4.00266845e+001	3.38526980e-001
4.03602402e+001	3.42805198e-001
4.06937959e+001	3.47083417e-001
4.10273516e+001	3.51361635e-001
4.13609073e+001	3.55639854e-001
4.16944630e+001	3.59918073e-001
4.20280187e+001	3.64196291e-001
4.23615744e+001	3.68474510e-001
4.26951301e+001	3.72752728e-001
4.30286858e+001	3.77030947e-001
4.33622415e+001	3.81197111e-001
4.36957972e+001	3.84699953e-001
4.40293529e+001	3.88202795e-001
4.43629086e+001	3.91705637e-001
4.46964643e+001	3.95208479e-001
4.50300200e+001	3.98711321e-001
4.53635757e+001	4.02214163e-001
4.56971314e+001	4.05717006e-001
4.60306871e+001	4.09219848e-001
4.63642428e+001	4.12722690e-001
4.66977985e+001	4.16225532e-001
4.70313542e+001	4.19728374e-001
4.73649099e+001	4.23231216e-001
4.76984656e+001	4.26734058e-001
4.80320213e+001	4.30236900e-001
4.83655771e+001	4.33739742e-001
4.86991328e+001	4.37242585e-001
4.90326885e+001	4.40745427e-001
4.93662442e+001	4.44248269e-001
4.96997999e+001	4.47226524e-001
5.00333556e+001	4.49778095e-001
5.03669113e+001	4.52329667e-001
5.07004670e+001	4.54881238e-001
5.10340227e+001	4.57432809e-001
5.13675784e+001	4.59984381e-001
5.17011341e+001	4.62535952e-001
5.20346898e+001	4.65087524e-001
5.23682455e+001	4.67639095e-001
5.27018012e+001	4.70190667e-001
5.30353569e+001	4.72742238e-001
5.33689126e+001	4.75293809e-001
5.37024683e+001	4.77845381e-001
5.40360240e+001	4.80396952e-001
5.43695797e+001	4.82948524e-001
5.47031354e+001	4.85500095e-001
5.50366911e+001	4.88051667e-001
5.53702468e+001	4.90603238e-001
5.57038025e+001	4.93154809e-001
5.60373582e+001	4.95706381e-001
5.63709139e+001	4.98257952e-001
5.67044696e+001	5.00809524e-001
5.70380254e+001	5.03361095e-001
5.73715811e+001	5.05912667e-001
5.77051368e+001	5.08464238e-001
5.80386925e+001	5.11015809e-001
5.83722482e+001	5.13567381e-001
5.87058039e+001	5.16118952e-001
5.90393596e+001	5.18670524e-001
5.93729153e+001	5.21222095e-001
5.97064710e+001	5.23773667e-001
6.00400267e+001	5.26325238e-001
6.03735824e+001	5.28876809e-001
6.07071381e+001	5.30798901e-001
6.10406938e+001	5.31842436e-001
6.13742495e+001	5.32885971e-001
6.17078052e+001	5.33929506e-001
6.20413609e+001	5.34973041e-001
6.23749166e+001	5.36016576e-001
6.27084723e+001	5.37060110e-001
6.30420280e+001	5.38103645e-001
6.33755837e+001	5.39147180e-001
6.37091394e+001	5.40190715e-001
6.40426951e+001	5.41234250e-001
6.43762508e+001	5.42277785e-001
6.47098065e+001	5.43321319e-001
6.50433622e+001	5.44364854e-001
6.53769179e+001	5.45408389e-001
6.57104736e+001	5.46451924e-001
6.60440294e+001	5.47495459e-001
6.63775851e+001	5.48538994e-001
6.67111408e+001	5.49582528e-001
6.70446965e+001	5.50626063e-001
6.73782522e+001	5.51669598e-001
6.77118079e+001	5.52713133e-001
6.80453636e+001	5.53756668e-001
6.83789193e+001	5.54800203e-001
6.87124750e+001	5.55843737e-001
6.90460307e+001	5.56887272e-001
6.93795864e+001	5.57935239e-001
6.97131421e+001	5.59022012e-001
7.00466978e+001	5.60108785e-001
7.03802535e+001	5.61195558e-001
7.07138092e+001	5.62282332e-001
7.10473649e+001	5.63369105e-001
7.13809206e+001	5.64455878e-001
7.17144763e+001	5.65542651e-001
7.20480320e+001	5.66629424e-001
7.23815877e+001	5.67716198e-001
7.27151434e+001	5.68802971e-001
7.30486991e+001	5.69889744e-001
7.33822548e+001	5.70976517e-001
7.37158105e+001	5.72063291e-001
7.40493662e+001	5.73150064e-001
7.43829219e+001	5.74236837e-001
7.47164777e+001	5.75280858e-001
7.50500334e+001	5.75997622e-001
7.53835891e+001	5.76714387e-001
7.57171448e+001	5.77431151e-001
7.60507005e+001	5.78147916e-001
7.63842562e+001	5.78864680e-001
7.67178119e+001	5.79581445e-001
7.70513676e+001	5.80298209e-001
7.73849233e+001	5.81014974e-001
7.77184790e+001	5.81731738e-001
7.80520347e+001	5.82448503e-001
7.83855904e+001	5.83165268e-001
7.87191461e+001	5.83882032e-001
7.90527018e+001	5.84598797e-001
7.93862575e+001	5.85315561e-001
7.97198132e+001	5.86032326e-001
8.00533689e+001	5.86749090e-001
8.03869246e+001	5.87465855e-001
8.07204803e+001	5.88182619e-001
8.10540360e+001	5.88899384e-001
8.13875917e+001	5.89616148e-001
8.17211474e+001	5.90332913e-001
8.20547031e+001	5.91049677e-001
8.23882588e+001	5.91766442e-001
8.27218145e+001	5.92483206e-001
8.30553702e+001	5.93199971e-001
8.33889260e+001	5.93916735e-001
8.37224817e+001	5.94633500e-001
8.40560374e+001	5.95350265e-001
8.43895931e+001	5.96067029e-001
8.47231488e+001	5.96783794e-001
8.50567045e+001	5.97500558e-001
8.53902602e+001	5.98217323e-001
8.57238159e+001	5.98832135e-001
8.60573716e+001	5.99232104e-001
8.63909273e+001	5.99632072e-001
8.67244830e+001	6.00032041e-001
8.70580387e+001	6.00432010e-001
8.73915944e+001	6.00831978e-001
8.77251501e+001	6.01231947e-001
8.80587058e+001	6.01631916e-001
8.83922615e+001	6.02031884e-001
8.87258172e+001	6.02431853e-001
8.90593729e+001	6.02831822e-001
8.93929286e+001	6.03231790e-001
8.97264843e+001	6.03631759e-001
9.00600400e+001	6.04031728e-001
9.03935957e+001	6.04431696e-001
9.07271514e+001	6.04831665e-001
9.10607071e+001	6.05231634e-001
9.13942628e+001	6.05631602e-001
9.17278185e+001	6.06031571e-001
9.20613742e+001	6.06431540e-001
9.23949300e+001	6.06831508e-001
9.27284857e+001	6.07231477e-001
9.30620414e+001	6.07631446e-001
9.33955971e+001	6.08031414e-001
9.37291528e+001	6.08431383e-001
9.40627085e+001	6.08831352e-001
9.43962642e+001	6.09231320e-001
9.47298199e+001	6.09631289e-001
9.50633756e+001	6.10031258e-001
9.53969313e+001	6.10431226e-001
9.57304870e+001	6.10831195e-001
9.60640427e+001	6.11231164e-001
9.63975984e+001	6.11631132e-001
9.67311541e+001	6.12031101e-001
9.70647098e+001	6.12431070e-001
9.73982655e+001	6.12831038e-001
9.77318212e+001	6.13231007e-001
9.80653769e+001	6.13439120e-001
9.83989326e+001	6.13557656e-001
9.87324883e+001	6.13676191e-001
9.90660440e+001	6.13794727e-001
9.93995997e+001	6.13913262e-001
9.97331554e+001	6.14031798e-001
1.00066711e+002	6.14150333e-001
1.00400267e+002	6.14268869e-001
1.00733823e+002	6.14387404e-001
1.01067378e+002	6.14505940e-001
1.01400934e+002	6.14624475e-001
1.01734490e+002	6.14743011e-001
1.02068045e+002	6.14861546e-001
1.02401601e+002	6.14980082e-001
1.02735157e+002	6.15098617e-001
1.03068712e+002	6.15217153e-001
1.03402268e+002	6.15335688e-001
1.03735824e+002	6.15454224e-001
1.04069380e+002	6.15572759e-001
1.04402935e+002	6.15691295e-001
1.04736491e+002	6.15809831e-001
1.05070047e+002	6.15928366e-001
1.05403602e+002	6.16046902e-001
1.05737158e+002	6.16161131e-001
1.06070714e+002	6.16240156e-001
1.06404270e+002	6.16319182e-001
1.06737825e+002	6.16398207e-001
1.07071381e+002	6.16477232e-001
1.07404937e+002	6.16556258e-001
1.07738492e+002	6.16635283e-001
1.08072048e+002	6.16714309e-001
1.08405604e+002	6.16793334e-001
1.08739159e+002	6.16872360e-001
1.09072715e+002	6.16951385e-001
1.09406271e+002	6.17030411e-001
1.09739827e+002	6.17109436e-001
1.10073382e+002	6.17188462e-001
1.10406938e+002	6.17267487e-001
1.10740494e+002	6.17346513e-001
1.11074049e+002	6.17425538e-001
1.11407605e+002	6.17504564e-001
1.11741161e+002	6.17583589e-001
1.12074716e+002	6.17662614e-001
1.12408272e+002	6.17741640e-001
1.12741828e+002	6.17820665e-001
1.13075384e+002	6.17899691e-001
1.13408939e+002	6.17959283e-001
1.13742495e+002	6.17993279e-001
1.14076051e+002	6.18027275e-001
1.14409606e+002	6.18061271e-001
1.14743162e+002	6.18095267e-001
1.15076718e+002	6.18129263e-001
1.15410274e+002	6.18163258e-001
1.15743829e+002	6.18197254e-001
1.16077385e+002	6.18231250e-001
1.16410941e+002	6.18265246e-001
1.16744496e+002	6.18299242e-001
1.17078052e+002	6.18333238e-001
1.17411608e+002	6.18367234e-001
1.17745163e+002	6.18401229e-001
1.18078719e+002	6.18435225e-001
1.18412275e+002	6.18469221e-001
1.18745831e+002	6.18503217e-001
1.19079386e+002	6.18537213e-001
1.19412942e+002	6.18571209e-001
1.19746498e+002	6.18605205e-001
1.20080053e+002	6.18639201e-001
1.20413609e+002	6.18673196e-001
1.20747165e+002	6.18707192e-001
1.21080720e+002	6.18741188e-001
1.21414276e+002	6.18775184e-001
1.21747832e+002	6.18809180e-001
1.22081388e+002	6.18843176e-001
1.22414943e+002	6.18877172e-001
1.22748499e+002	6.18911167e-001
1.23082055e+002	6.18945163e-001
1.23415610e+002	6.18979159e-001
1.23749166e+002	6.19013155e-001
1.24082722e+002	6.19047151e-001
1.24416278e+002	6.19079666e-001
1.24749833e+002	6.19101999e-001
1.25083389e+002	6.19124331e-001
1.25416945e+002	6.19146663e-001
1.25750500e+002	6.19168995e-001
1.26084056e+002	6.19191327e-001
1.26417612e+002	6.19213659e-001
1.26751167e+002	6.19235991e-001
1.27084723e+002	6.19258324e-001
1.27418279e+002	6.19280656e-001
1.27751835e+002	6.19302988e-001
1.28085390e+002	6.19325320e-001
1.28418946e+002	6.19347652e-001
1.28752502e+002	6.19369984e-001
1.29086057e+002	6.19392316e-001
1.29419613e+002	6.19414649e-001
1.29753169e+002	6.19436981e-001
1.30086724e+002	6.19459313e-001
1.30420280e+002	6.19481645e-001
1.30753836e+002	6.19503977e-001
1.31087392e+002	6.19526309e-001
1.31420947e+002	6.19548642e-001
1.31754503e+002	6.19570974e-001
1.32088059e+002	6.19591236e-001
1.32421614e+002	6.19585941e-001
1.32755170e+002	6.19580645e-001
1.33088726e+002	6.19575350e-001
1.33422282e+002	6.19570054e-001
1.33755837e+002	6.19564759e-001
1.34089393e+002	6.19559463e-001
1.34422949e+002	6.19554167e-001
1.34756504e+002	6.19548872e-001
1.35090060e+002	6.19543576e-001
1.35423616e+002	6.19538281e-001
1.35757171e+002	6.19532985e-001
1.36090727e+002	6.19527690e-001
1.36424283e+002	6.19522394e-001
1.36757839e+002	6.19517098e-001
1.37091394e+002	6.19511803e-001
1.37424950e+002	6.19506507e-001
1.37758506e+002	6.19501212e-001
1.38092061e+002	6.19495916e-001
1.38425617e+002	6.19490621e-001
1.38759173e+002	6.19485325e-001
1.39092728e+002	6.19480029e-001
1.39426284e+002	6.19474734e-001
1.39759840e+002	6.19469438e-001
1.40093396e+002	6.19464143e-001
1.40426951e+002	6.19458847e-001
1.40760507e+002	6.19453552e-001
1.41094063e+002	6.19448256e-001
1.41427618e+002	6.19442960e-001
1.41761174e+002	6.19437665e-001
1.42094730e+002	6.19432369e-001
1.42428286e+002	6.19427074e-001
1.42761841e+002	6.19420032e-001
1.43095397e+002	6.19406452e-001
1.43428953e+002	6.19392872e-001
1.43762508e+002	6.19379292e-001
1.44096064e+002	6.19365711e-001
1.44429620e+002	6.19352131e-001
1.44763175e+002	6.19338551e-001
1.45096731e+002	6.19324971e-001
1.45430287e+002	6.19311391e-001
1.45763843e+002	6.19297811e-001
1.46097398e+002	6.19284231e-001
1.46430954e+002	6.19270651e-001
1.46764510e+002	6.19257070e-001
1.47098065e+002	6.19243490e-001
1.47431621e+002	6.19229910e-001
1.47765177e+002	6.19216330e-001
1.48098732e+002	6.19202750e-001
1.48432288e+002	6.19189170e-001
1.48765844e+002	6.19175590e-001
1.49099400e+002	6.19162010e-001
1.49432955e+002	6.19148430e-001
1.49766511e+002	6.19134849e-001
1.50100067e+002	6.19121269e-001
1.50433622e+002	6.19107689e-001
1.50767178e+002	6.19092115e-001
1.51100734e+002	6.19072654e-001
1.51434290e+002	6.19053194e-001
1.51767845e+002	6.19033733e-001
1.52101401e+002	6.19014272e-001
1.52434957e+002	6.18994811e-001
1.52768512e+002	6.18975351e-001
1.53102068e+002	6.18955890e-001
1.53435624e+002	6.18936429e-001
1.53769179e+002	6.18916968e-001
1.54102735e+002	6.18897508e-001
1.54436291e+002	6.18878047e-001
1.54769847e+002	6.18858586e-001
1.55103402e+002	6.18839125e-001
1.55436958e+002	6.18819665e-001
1.55770514e+002	6.18800204e-001
1.56104069e+002	6.18780743e-001
1.56437625e+002	6.18761282e-001
1.56771181e+002	6.18741822e-001
1.57104736e+002	6.18722361e-001
1.57438292e+002	6.18702900e-001
1.57771848e+002	6.18683439e-001
1.58105404e+002	6.18663978e-001
1.58438959e+002	6.18644479e-001
1.58772515e+002	6.18624979e-001
1.59106071e+002	6.18605479e-001
1.59439626e+002	6.18585978e-001
1.59773182e+002	6.18566478e-001
1.60106738e+002	6.18546978e-001
1.60440294e+002	6.18527477e-001
1.60773849e+002	6.18507977e-001
1.61107405e+002	6.18488477e-001
1.61440961e+002	6.18468976e-001
1.61774516e+002	6.18449476e-001
1.62108072e+002	6.18429976e-001
1.62441628e+002	6.18410475e-001
1.62775183e+002	6.18390975e-001
1.63108739e+002	6.18371475e-001
1.63442295e+002	6.18351974e-001
1.63775851e+002	6.18332474e-001
1.64109406e+002	6.18312974e-001
1.64442962e+002	6.18293474e-001
1.64776518e+002	6.18273973e-001
1.65110073e+002	6.18254473e-001
1.65443629e+002	6.18234973e-001
1.65777185e+002	6.18216306e-001
1.66110740e+002	6.18199693e-001
1.66444296e+002	6.18183080e-001
1.66777852e+002	6.18166467e-001
1.67111408e+002	6.18149854e-001
1.67444963e+002	6.18133240e-001
1.67778519e+002	6.18116627e-001
1.68112075e+002	6.18100014e-001
1.68445630e+002	6.18083401e-001
1.68779186e+002	6.18066788e-001
1.69112742e+002	6.18050175e-001
1.69446298e+002	6.18033562e-001
1.69779853e+002	6.18016949e-001
1.70113409e+002	6.18000336e-001
1.70446965e+002	6.17983723e-001
1.70780520e+002	6.17967109e-001
1.71114076e+002	6.17950496e-001
1.71447632e+002	6.17933883e-001
1.71781187e+002	6.17917270e-001
1.72114743e+002	6.17900657e-001
1.72448299e+002	6.17884044e-001
1.72781855e+002	6.17867431e-001
1.73115410e+002	6.17850818e-001
1.73448966e+002	6.17834193e-001
1.73782522e+002	6.17816384e-001
1.74116077e+002	6.17798576e-001
1.74449633e+002	6.17780767e-001
1.74783189e+002	6.17762959e-001
1.75116744e+002	6.17745151e-001
1.75450300e+002	6.17727342e-001
1.75783856e+002	6.17709534e-001
1.76117412e+002	6.17691725e-001
1.76450967e+002	6.17673917e-001
1.76784523e+002	6.17656109e-001
1.77118079e+002	6.17638300e-001
1.77451634e+002	6.17620492e-001
1.77785190e+002	6.17602684e-001
1.78118746e+002	6.17584875e-001
1.78452302e+002	6.17567067e-001
1.78785857e+002	6.17549258e-001
1.79119413e+002	6.17531450e-001
1.79452969e+002	6.17513642e-001
1.79786524e+002	6.17495833e-001
1.80120080e+002	6.17478025e-001
1.80453636e+002	6.17460217e-001
1.80787191e+002	6.17442408e-001
1.81120747e+002	6.17424600e-001
1.81454303e+002	6.17406791e-001
1.81787859e+002	6.17388983e-001
1.82121414e+002	6.17371175e-001
1.82454970e+002	6.17353366e-001
1.82788526e+002	6.17335558e-001
1.83122081e+002	6.17317749e-001
1.83455637e+002	6.17299682e-001
1.83789193e+002	6.17281615e-001
1.84122748e+002	6.17263548e-001
1.84456304e+002	6.17245481e-001
1.84789860e+002	6.17227415e-001
1.85123416e+002	6.17209348e-001
1.85456971e+002	6.17191281e-001
1.85790527e+002	6.17173614e-001
1.86124083e+002	6.17157743e-001
1.86457638e+002	6.17141872e-001
1.86791194e+002	6.17126002e-001
1.87124750e+002	6.17110131e-001
1.87458306e+002	6.17094260e-001
1.87791861e+002	6.17078389e-001
1.88125417e+002	6.17062518e-001
1.88458973e+002	6.17046648e-001
1.88792528e+002	6.17030777e-001
1.89126084e+002	6.17014906e-001
1.89459640e+002	6.16999035e-001
1.89793195e+002	6.16983164e-001
1.90126751e+002	6.16967294e-001
1.90460307e+002	6.16951423e-001
1.90793863e+002	6.16935552e-001
1.91127418e+002	6.16919681e-001
1.91460974e+002	6.16903810e-001
1.91794530e+002	6.16887940e-001
1.92128085e+002	6.16872069e-001
1.92461641e+002	6.16856198e-001
1.92795197e+002	6.16840327e-001
1.93128753e+002	6.16824456e-001
1.93462308e+002	6.16808586e-001
1.93795864e+002	6.16792715e-001
1.94129420e+002	6.16776844e-001
1.94462975e+002	6.16760973e-001
1.94796531e+002	6.16745102e-001
1.95130087e+002	6.16729232e-001
1.95463642e+002	6.16713361e-001
1.95797198e+002	6.16697490e-001
1.96130754e+002	6.16681619e-001
1.96464310e+002	6.16665748e-001
1.96797865e+002	6.16649878e-001
1.97131421e+002	6.16634048e-001
1.97464977e+002	6.16621659e-001
1.97798532e+002	6.16609271e-001
1.98132088e+002	6.16596882e-001
1.98465644e+002	6.16584493e-001
1.98799199e+002	6.16572105e-001
1.99132755e+002	6.16559716e-001
1.99466311e+002	6.16547328e-001
1.99799867e+002	6.16534939e-001
2.00133422e+002	6.16522550e-001
2.00466978e+002	6.16510162e-001
2.00800534e+002	6.16497773e-001
2.01134089e+002	6.16485385e-001
2.01467645e+002	6.16472996e-001
2.01801201e+002	6.16460607e-001
2.02134757e+002	6.16448219e-001
2.02468312e+002	6.16435830e-001
2.02801868e+002	6.16423442e-001
2.03135424e+002	6.16411053e-001
2.03468979e+002	6.16398664e-001
2.03802535e+002	6.16386276e-001
2.04136091e+002	6.16373887e-001
2.04469646e+002	6.16361499e-001
2.04803202e+002	6.16349110e-001
2.05136758e+002	6.16336721e-001
2.05470314e+002	6.16324333e-001
2.05803869e+002	6.16311944e-001
2.06137425e+002	6.16299556e-001
2.06470981e+002	6.16287167e-001
2.06804536e+002	6.16274779e-001
2.07138092e+002	6.16262390e-001
2.07471648e+002	6.16250001e-001
2.07805203e+002	6.16237613e-001
2.08138759e+002	6.16225475e-001
2.08472315e+002	6.16214063e-001
2.08805871e+002	6.16202652e-001
2.09139426e+002	6.16191241e-001
2.09472982e+002	6.16179829e-001
2.09806538e+002	6.16168418e-001
2.10140093e+002	6.16157006e-001
2.10473649e+002	6.16145595e-001
2.10807205e+002	6.16134183e-001
2.11140761e+002	6.16122772e-001
2.11474316e+002	6.16111360e-001
2.11807872e+002	6.16099949e-001
2.12141428e+002	6.16088538e-001
2.12474983e+002	6.16077126e-001
2.12808539e+002	6.16065715e-001
2.13142095e+002	6.16054303e-001
2.13475650e+002	6.16042892e-001
2.13809206e+002	6.16031480e-001
2.14142762e+002	6.16020069e-001
2.14476318e+002	6.16008657e-001
2.14809873e+002	6.16002852e-001
2.15143429e+002	6.15997619e-001
2.15476985e+002	6.15992386e-001
2.15810540e+002	6.15987153e-001
2.16144096e+002	6.15981920e-001
2.16477652e+002	6.15976687e-001
2.16811207e+002	6.15971454e-001
2.17144763e+002	6.15966221e-001
2.17478319e+002	6.15960988e-001
2.17811875e+002	6.15955755e-001
2.18145430e+002	6.15950522e-001
2.18478986e+002	6.15945289e-001
2.18812542e+002	6.15940056e-001
2.19146097e+002	6.15934823e-001
2.19479653e+002	6.15929590e-001
2.19813209e+002	6.15924357e-001
2.20146765e+002	6.15919124e-001
2.20480320e+002	6.15913891e-001
2.20813876e+002	6.15908658e-001
2.21147432e+002	6.15902850e-001
2.21480987e+002	6.15896925e-001
2.21814543e+002	6.15890999e-001
2.22148099e+002	6.15885074e-001
2.22481654e+002	6.15879149e-001
2.22815210e+002	6.15873224e-001
2.23148766e+002	6.15867299e-001
2.23482322e+002	6.15861374e-001
2.23815877e+002	6.15855449e-001
2.24149433e+002	6.15849524e-001
2.24482989e+002	6.15843598e-001
2.24816544e+002	6.15837673e-001
2.25150100e+002	6.15831748e-001
2.25483656e+002	6.15825823e-001
2.25817211e+002	6.15819898e-001
2.26150767e+002	6.15813973e-001
2.26484323e+002	6.15808048e-001
2.26817879e+002	6.15802123e-001
2.27151434e+002	6.15796198e-001
2.27484990e+002	6.15790272e-001
2.27818546e+002	6.15784347e-001
2.28152101e+002	6.15778422e-001
2.28485657e+002	6.15772497e-001
2.28819213e+002	6.15766572e-001
2.29152769e+002	6.15760647e-001
2.29486324e+002	6.15754722e-001
2.29819880e+002	6.15748797e-001
2.30153436e+002	6.15742871e-001
2.30486991e+002	6.15739796e-001
2.30820547e+002	6.15737010e-001
2.31154103e+002	6.15734224e-001
2.31487658e+002	6.15731437e-001
2.31821214e+002	6.15728651e-001
2.32154770e+002	6.15725865e-001
2.32488326e+002	6.15723079e-001
2.32821881e+002	6.15720293e-001
2.33155437e+002	6.15717507e-001
2.33488993e+002	6.15714721e-001
2.33822548e+002	6.15711934e-001
2.34156104e+002	6.15709148e-001
2.34489660e+002	6.15706362e-001
2.34823215e+002	6.15703576e-001
2.35156771e+002	6.15700790e-001
2.35490327e+002	6.15698004e-001
2.35823883e+002	6.15695218e-001
2.36157438e+002	6.15692431e-001
2.36490994e+002	6.15689645e-001
2.36824550e+002	6.15686859e-001
2.37158105e+002	6.15684073e-001
2.37491661e+002	6.15681287e-001
2.37825217e+002	6.15678501e-001
2.38158773e+002	6.15675715e-001
2.38492328e+002	6.15672929e-001
2.38825884e+002	6.15670512e-001
2.39159440e+002	6.15668663e-001
2.39492995e+002	6.15666814e-001
2.39826551e+002	6.15664965e-001
2.40160107e+002	6.15663116e-001
2.40493662e+002	6.15661267e-001
2.40827218e+002	6.15659418e-001
2.41160774e+002	6.15657569e-001
2.41494330e+002	6.15655720e-001
2.41827885e+002	6.15653871e-001
2.42161441e+002	6.15652022e-001
2.42494997e+002	6.15650173e-001
2.42828552e+002	6.15648324e-001
2.43162108e+002	6.15646475e-001
2.43495664e+002	6.15644626e-001
2.43829219e+002	6.15642777e-001
2.44162775e+002	6.15640928e-001
2.44496331e+002	6.15639641e-001
2.44829887e+002	6.15638992e-001
2.45163442e+002	6.15638343e-001
2.45496998e+002	6.15637694e-001
2.45830554e+002	6.15637044e-001
2.46164109e+002	6.15636395e-001
2.46497665e+002	6.15635746e-001
2.46831221e+002	6.15635097e-001
2.47164777e+002	6.15634448e-001
2.47498332e+002	6.15633799e-001
2.47831888e+002	6.15633150e-001
2.48165444e+002	6.15632501e-001
2.48498999e+002	6.15631852e-001
2.48832555e+002	6.15631203e-001
2.49166111e+002	6.15630554e-001
2.49499666e+002	6.15629905e-001
2.49833222e+002	6.15629256e-001
2.50166778e+002	6.15628607e-001
2.50500334e+002	6.15627958e-001
2.50833889e+002	6.15627309e-001
2.51167445e+002	6.15626660e-001
2.51501001e+002	6.15626011e-001
2.51834556e+002	6.15625362e-001
2.52168112e+002	6.15624712e-001
2.52501668e+002	6.15624063e-001
2.52835223e+002	6.15623414e-001
2.53168779e+002	6.15622765e-001
2.53502335e+002	6.15622116e-001
2.53835891e+002	6.15621467e-001
2.54169446e+002	6.15620818e-001
2.54503002e+002	6.15620169e-001
2.54836558e+002	6.15619520e-001
2.55170113e+002	6.15621257e-001
2.55503669e+002	6.15623111e-001
2.55837225e+002	6.15624966e-001
2.56170781e+002	6.15626820e-001
2.56504336e+002	6.15628674e-001
2.56837892e+002	6.15630529e-001
2.57171448e+002	6.15632383e-001
2.57505003e+002	6.15634238e-001
2.57838559e+002	6.15636092e-001
2.58172115e+002	6.15637947e-001
2.58505670e+002	6.15639801e-001
2.58839226e+002	6.15641655e-001
2.59172782e+002	6.15643510e-001
2.59506338e+002	6.15645364e-001
2.59839893e+002	6.15647219e-001
2.60173449e+002	6.15649073e-001
2.60507005e+002	6.15650928e-001
2.60840560e+002	6.15652782e-001
2.61174116e+002	6.15654636e-001
2.61507672e+002	6.15656491e-001
2.61841227e+002	6.15658345e-001
2.62174783e+002	6.15660200e-001
2.62508339e+002	6.15662054e-001
2.62841895e+002	6.15663909e-001
2.63175450e+002	6.15665763e-001
2.63509006e+002	6.15667617e-001
2.63842562e+002	6.15669472e-001
2.64176117e+002	6.15673167e-001
2.64509673e+002	6.15677118e-001
2.64843229e+002	6.15681070e-001
2.65176785e+002	6.15685022e-001
2.65510340e+002	6.15688973e-001
2.65843896e+002	6.15692925e-001
2.66177452e+002	6.15696876e-001
2.66511007e+002	6.15700828e-001
2.66844563e+002	6.15704779e-001
2.67178119e+002	6.15708731e-001
2.67511674e+002	6.15712683e-001
2.67845230e+002	6.15716634e-001
2.68178786e+002	6.15720586e-001
2.68512342e+002	6.15724537e-001
2.68845897e+002	6.15728489e-001
2.69179453e+002	6.15732440e-001
2.69513009e+002	6.15736392e-001
2.69846564e+002	6.15740343e-001
2.70180120e+002	6.15744295e-001
2.70513676e+002	6.15748247e-001
2.70847231e+002	6.15752198e-001
2.71180787e+002	6.15756150e-001
2.71514343e+002	6.15760101e-001
2.71847899e+002	6.15764053e-001
2.72181454e+002	6.15768004e-001
2.72515010e+002	6.15772463e-001
2.72848566e+002	6.15778666e-001
2.73182121e+002	6.15784869e-001
2.73515677e+002	6.15791072e-001
2.73849233e+002	6.15797275e-001
2.74182789e+002	6.15803478e-001
2.74516344e+002	6.15809681e-001
2.74849900e+002	6.15815884e-001
2.75183456e+002	6.15822087e-001
2.75517011e+002	6.15828290e-001
2.75850567e+002	6.15834493e-001
2.76184123e+002	6.15840696e-001
2.76517678e+002	6.15846899e-001
2.76851234e+002	6.15853102e-001
2.77184790e+002	6.15859305e-001
2.77518346e+002	6.15865508e-001
2.77851901e+002	6.15871711e-001
2.78185457e+002	6.15877914e-001
2.78519013e+002	6.15884117e-001
2.78852568e+002	6.15890320e-001
2.79186124e+002	6.15896523e-001
2.79519680e+002	6.15902726e-001
2.79853235e+002	6.15908929e-001
2.80186791e+002	6.15915132e-001
2.80520347e+002	6.15921335e-001
2.80853903e+002	6.15927538e-001
2.81187458e+002	6.15933741e-001
2.81521014e+002	6.15939944e-001
2.81854570e+002	6.15946147e-001
2.82188125e+002	6.15952350e-001
2.82521681e+002	6.15960189e-001
2.82855237e+002	6.15968913e-001
2.83188793e+002	6.15977637e-001
2.83522348e+002	6.15986361e-001
2.83855904e+002	6.15995084e-001
2.84189460e+002	6.16003808e-001
2.84523015e+002	6.16012532e-001
2.84856571e+002	6.16021256e-001
2.85190127e+002	6.16029979e-001
2.85523682e+002	6.16038703e-001
2.85857238e+002	6.16047427e-001
2.86190794e+002	6.16056150e-001
2.86524350e+002	6.16064874e-001
2.86857905e+002	6.16073598e-001
2.87191461e+002	6.16082322e-001
2.87525017e+002	6.16091045e-001
2.87858572e+002	6.16099769e-001
2.88192128e+002	6.16108493e-001
2.88525684e+002	6.16117216e-001
2.88859239e+002	6.16125940e-001
2.89192795e+002	6.16134664e-001
2.89526351e+002	6.16143388e-001
2.89859907e+002	6.16152111e-001
2.90193462e+002	6.16160835e-001
2.90527018e+002	6.16169559e-001
2.90860574e+002	6.16178282e-001
2.91194129e+002	6.16187092e-001
2.91527685e+002	6.16198886e-001
2.91861241e+002	6.16210679e-001
2.92194797e+002	6.16222473e-001
2.92528352e+002	6.16234266e-001
2.92861908e+002	6.16246060e-001
2.93195464e+002	6.16257853e-001
2.93529019e+002	6.16269646e-001
2.93862575e+002	6.16281440e-001
2.94196131e+002	6.16293233e-001
2.94529686e+002	6.16305027e-001
2.94863242e+002	6.16316820e-001
2.95196798e+002	6.16328614e-001
2.95530354e+002	6.16340407e-001
2.95863909e+002	6.16352200e-001
2.96197465e+002	6.16363994e-001
2.96531021e+002	6.16375787e-001
2.96864576e+002	6.16387581e-001
2.97198132e+002	6.16399374e-001
2.97531688e+002	6.16411167e-001
2.97865243e+002	6.16422961e-001
2.98198799e+002	6.16434754e-001
2.98532355e+002	6.16446548e-001
2.98865911e+002	6.16458341e-001
2.99199466e+002	6.16470135e-001
2.99533022e+002	6.16482615e-001
2.99866578e+002	6.16495518e-001
3.00200133e+002	6.16508422e-001
3.00533689e+002	6.16521325e-001
3.00867245e+002	6.16534229e-001
3.01200801e+002	6.16547133e-001
3.01534356e+002	6.16560036e-001
3.01867912e+002	6.16572940e-001
3.02201468e+002	6.16585843e-001
3.02535023e+002	6.16598747e-001
3.02868579e+002	6.16611650e-001
3.03202135e+002	6.16624554e-001
3.03535690e+002	6.16637457e-001
3.03869246e+002	6.16650361e-001
3.04202802e+002	6.16663265e-001
3.04536358e+002	6.16676168e-001
3.04869913e+002	6.16689072e-001
3.05203469e+002	6.16701975e-001
3.05537025e+002	6.16714879e-001
3.05870580e+002	6.16727782e-001
3.06204136e+002	6.16742662e-001
3.06537692e+002	6.16758798e-001
3.06871247e+002	6.16774935e-001
3.07204803e+002	6.16791071e-001
3.07538359e+002	6.16807208e-001
3.07871915e+002	6.16823345e-001
3.08205470e+002	6.16839481e-001
3.08539026e+002	6.16855618e-001
3.08872582e+002	6.16871754e-001
3.09206137e+002	6.16887891e-001
3.09539693e+002	6.16904027e-001
3.09873249e+002	6.16920164e-001
3.10206805e+002	6.16936300e-001
3.10540360e+002	6.16952437e-001
3.10873916e+002	6.16968573e-001
3.11207472e+002	6.16984710e-001
3.11541027e+002	6.17000847e-001
3.11874583e+002	6.17016983e-001
3.12208139e+002	6.17033120e-001
3.12541694e+002	6.17049234e-001
3.12875250e+002	6.17065180e-001
3.13208806e+002	6.17081125e-001
3.13542362e+002	6.17097071e-001
3.13875917e+002	6.17113017e-001
3.14209473e+002	6.17128962e-001
3.14543029e+002	6.17144908e-001
3.14876584e+002	6.17160853e-001
3.15210140e+002	6.17176799e-001
3.15543696e+002	6.17192744e-001
3.15877252e+002	6.17208690e-001
3.16210807e+002	6.17224635e-001
3.16544363e+002	6.17240581e-001
3.16877919e+002	6.17256527e-001
3.17211474e+002	6.17272472e-001
3.17545030e+002	6.17288418e-001
3.17878586e+002	6.17304363e-001
3.18212141e+002	6.17320309e-001
3.18545697e+002	6.17336254e-001
3.18879253e+002	6.17352200e-001
3.19212809e+002	6.17368146e-001
3.19546364e+002	6.17384091e-001
3.19879920e+002	6.17400037e-001
3.20213476e+002	6.17416046e-001
3.20547031e+002	6.17432086e-001
3.20880587e+002	6.17448125e-001
3.21214143e+002	6.17464165e-001
3.21547698e+002	6.17480204e-001
3.21881254e+002	6.17496244e-001
3.22214810e+002	6.17512283e-001
3.22548366e+002	6.17528323e-001
3.22881921e+002	6.17544362e-001
3.23215477e+002	6.17560402e-001
3.23549033e+002	6.17576441e-001
3.23882588e+002	6.17592481e-001
3.24216144e+002	6.17608520e-001
3.24549700e+002	6.17624560e-001
3.24883256e+002	6.17640599e-001
3.25216811e+002	6.17656639e-001
3.25550367e+002	6.17672678e-001
3.25883923e+002	6.17688718e-001
3.26217478e+002	6.17704757e-001
3.26551034e+002	6.17720797e-001
3.26884590e+002	6.17736836e-001
3.27218145e+002	6.17752876e-001
3.27551701e+002	6.17768915e-001
3.27885257e+002	6.17784955e-001
3.28218813e+002	6.17800995e-001
3.28552368e+002	6.17817975e-001
3.28885924e+002	6.17835810e-001
3.29219480e+002	6.17853645e-001
3.29553035e+002	6.17871481e-001
3.29886591e+002	6.17889316e-001
3.30220147e+002	6.17907151e-001
3.30553702e+002	6.17924986e-001
3.30887258e+002	6.17942822e-001
3.31220814e+002	6.17960657e-001
3.31554370e+002	6.17978492e-001
3.31887925e+002	6.17996328e-001
3.32221481e+002	6.18014163e-001
3.32555037e+002	6.18031998e-001
3.32888592e+002	6.18049833e-001
3.33222148e+002	6.18067669e-001
3.33555704e+002	6.18085504e-001
3.33889260e+002	6.18103339e-001
3.34222815e+002	6.18121174e-001
3.34556371e+002	6.18139010e-001
3.34889927e+002	6.18156845e-001
3.35223482e+002	6.18174680e-001
3.35557038e+002	6.18192516e-001
3.35890594e+002	6.18210351e-001
3.36224149e+002	6.18228494e-001
3.36557705e+002	6.18249292e-001
3.36891261e+002	6.18270090e-001
3.37224817e+002	6.18290888e-001
3.37558372e+002	6.18311685e-001
3.37891928e+002	6.18332483e-001
3.38225484e+002	6.18353281e-001
3.38559039e+002	6.18374079e-001
3.38892595e+002	6.18394877e-001
3.39226151e+002	6.18415674e-001
3.39559706e+002	6.18436472e-001
3.39893262e+002	6.18457270e-001
3.40226818e+002	6.18478068e-001
3.40560374e+002	6.18498866e-001
3.40893929e+002	6.18519663e-001
3.41227485e+002	6.18540461e-001
3.41561041e+002	6.18561259e-001
3.41894596e+002	6.18582057e-001
3.42228152e+002	6.18602854e-001
3.42561708e+002	6.18623652e-001
3.42895264e+002	6.18644365e-001
3.43228819e+002	6.18662217e-001
3.43562375e+002	6.18680068e-001
3.43895931e+002	6.18697920e-001
3.44229486e+002	6.18715772e-001
3.44563042e+002	6.18733624e-001
3.44896598e+002	6.18751475e-001
3.45230153e+002	6.18769327e-001
3.45563709e+002	6.18787179e-001
3.45897265e+002	6.18805031e-001
3.46230821e+002	6.18822882e-001
3.46564376e+002	6.18840734e-001
3.46897932e+002	6.18858586e-001
3.47231488e+002	6.18876438e-001
3.47565043e+002	6.18894289e-001
3.47898599e+002	6.18912141e-001
3.48232155e+002	6.18929993e-001
3.48565710e+002	6.18947845e-001
3.48899266e+002	6.18965696e-001
3.49232822e+002	6.18983548e-001
3.49566378e+002	6.19001400e-001
3.49899933e+002	6.19015582e-001
3.50233489e+002	6.19029473e-001
3.50567045e+002	6.19043364e-001
3.50900600e+002	6.19057255e-001
3.51234156e+002	6.19071146e-001
3.51567712e+002	6.19085037e-001
3.51901268e+002	6.19098928e-001
3.52234823e+002	6.19112819e-001
3.52568379e+002	6.19126710e-001
3.52901935e+002	6.19140600e-001
3.53235490e+002	6.19154491e-001
3.53569046e+002	6.19168382e-001
3.53902602e+002	6.19182273e-001
3.54236157e+002	6.19196164e-001
3.54569713e+002	6.19210055e-001
3.54903269e+002	6.19223946e-001
3.55236825e+002	6.19237837e-001
3.55570380e+002	6.19251728e-001
3.55903936e+002	6.19265619e-001
3.56237492e+002	6.19279509e-001
3.56571047e+002	6.19293400e-001
3.56904603e+002	6.19307291e-001
3.57238159e+002	6.19321182e-001
3.57571714e+002	6.19335073e-001
3.57905270e+002	6.19348964e-001
3.58238826e+002	6.19365314e-001
3.58572382e+002	6.19381802e-001
3.58905937e+002	6.19398290e-001
3.59239493e+002	6.19414779e-001
3.59573049e+002	6.19431267e-001
3.59906604e+002	6.19447755e-001
3.60240160e+002	6.19464244e-001
3.60573716e+002	6.19480732e-001
3.60907272e+002	6.19497220e-001
3.61240827e+002	6.19513709e-001
3.61574383e+002	6.19530197e-001
3.61907939e+002	6.19546685e-001
3.62241494e+002	6.19563174e-001
3.62575050e+002	6.19579662e-001
3.62908606e+002	6.19596150e-001
3.63242161e+002	6.19612639e-001
3.63575717e+002	6.19629127e-001
3.63909273e+002	6.19645615e-001
3.64242829e+002	6.19646591e-001
3.64576384e+002	6.19637005e-001
3.64909940e+002	6.19627420e-001
3.65243496e+002	6.19617835e-001
3.65577051e+002	6.19608250e-001
3.65910607e+002	6.19598664e-001
3.66244163e+002	6.19589079e-001
3.66577718e+002	6.19579494e-001
3.66911274e+002	6.19569909e-001
3.67244830e+002	6.19560323e-001
3.67578386e+002	6.19550738e-001
3.67911941e+002	6.19541153e-001
3.68245497e+002	6.19531567e-001
3.68579053e+002	6.19521982e-001
3.68912608e+002	6.19512397e-001
3.69246164e+002	6.19502812e-001
3.69579720e+002	6.19493226e-001
3.69913276e+002	6.19483641e-001
3.70246831e+002	6.19474056e-001
3.70580387e+002	6.19464471e-001
3.70913943e+002	6.19454885e-001
3.71247498e+002	6.19445300e-001
3.71581054e+002	6.19435715e-001
3.71914610e+002	6.19426129e-001
3.72248165e+002	6.19416544e-001
3.72581721e+002	6.19406959e-001
3.72915277e+002	6.19397374e-001
3.73248833e+002	6.19387788e-001
3.73582388e+002	6.19378203e-001
3.73915944e+002	6.19368618e-001
3.74249500e+002	6.19359033e-001
3.74583055e+002	6.19349447e-001
3.74916611e+002	6.19339862e-001
3.75250167e+002	6.19330277e-001
3.75583722e+002	6.19320691e-001
3.75917278e+002	6.19311106e-001
3.76250834e+002	6.19301521e-001
3.76584390e+002	6.19289802e-001
3.76917945e+002	6.19269651e-001
3.77251501e+002	6.19249501e-001
3.77585057e+002	6.19229350e-001
3.77918612e+002	6.19209200e-001
3.78252168e+002	6.19189049e-001
3.78585724e+002	6.19168899e-001
3.78919280e+002	6.19148748e-001
3.79252835e+002	6.19128598e-001
3.79586391e+002	6.19108447e-001
3.79919947e+002	6.19088297e-001
3.80253502e+002	6.19068146e-001
3.80587058e+002	6.19047996e-001
3.80920614e+002	6.19027845e-001
3.81254169e+002	6.19007695e-001
3.81587725e+002	6.18987544e-001
3.81921281e+002	6.18967394e-001
3.82254837e+002	6.18927264e-001
3.82588392e+002	6.18860501e-001
3.82921948e+002	6.18793738e-001
3.83255504e+002	6.18726976e-001
3.83589059e+002	6.18660213e-001
3.83922615e+002	6.18593451e-001
3.84256171e+002	6.18526688e-001
3.84589726e+002	6.18459925e-001
3.84923282e+002	6.18393163e-001
3.85256838e+002	6.18326400e-001
3.85590394e+002	6.18259637e-001
3.85923949e+002	6.18192875e-001
3.86257505e+002	6.18126112e-001
3.86591061e+002	6.18059349e-001
3.86924616e+002	6.17992587e-001
3.87258172e+002	6.17925824e-001
3.87591728e+002	6.17859061e-001
3.87925284e+002	6.17792299e-001
3.88258839e+002	6.17725536e-001
3.88592395e+002	6.17658773e-001
3.88925951e+002	6.17592011e-001
3.89259506e+002	6.17525248e-001
3.89593062e+002	6.17458485e-001
3.89926618e+002	6.17391723e-001
3.90260173e+002	6.17324960e-001
3.90593729e+002	6.17258197e-001
3.90927285e+002	6.17191435e-001
3.91260841e+002	6.17124672e-001
3.91594396e+002	6.17057909e-001
3.91927952e+002	6.16991147e-001
3.92261508e+002	6.16924384e-001
3.92595063e+002	6.16859141e-001
3.92928619e+002	6.16797665e-001
3.93262175e+002	6.16736188e-001
3.93595730e+002	6.16674712e-001
3.93929286e+002	6.16613235e-001
3.94262842e+002	6.16551759e-001
3.94596398e+002	6.16490282e-001
3.94929953e+002	6.16428806e-001
3.95263509e+002	6.16367329e-001
3.95597065e+002	6.16305853e-001
3.95930620e+002	6.16244376e-001
3.96264176e+002	6.16182900e-001
3.96597732e+002	6.16121423e-001
3.96931288e+002	6.16059947e-001
3.97264843e+002	6.15998470e-001
3.97598399e+002	6.15936994e-001
3.97931955e+002	6.15875517e-001
3.98265510e+002	6.15814041e-001
3.98599066e+002	6.15752564e-001
3.98932622e+002	6.15691088e-001
3.99266177e+002	6.15629611e-001
3.99599733e+002	6.15568135e-001
3.99933289e+002	6.15506658e-001
4.00266845e+002	6.15171596e-001
4.00600400e+002	6.14817777e-001
4.00933956e+002	6.14463959e-001
4.01267512e+002	6.14110140e-001
4.01601067e+002	6.13756321e-001
4.01934623e+002	6.13402503e-001
4.02268179e+002	6.13048684e-001
4.02601734e+002	6.12694866e-001
4.02935290e+002	6.12341047e-001
4.03268846e+002	6.11987228e-001
4.03602402e+002	6.11633410e-001
4.03935957e+002	6.11279591e-001
4.04269513e+002	6.10925773e-001
4.04603069e+002	6.10571954e-001
4.04936624e+002	6.10218135e-001
4.05270180e+002	6.09864317e-001
4.05603736e+002	6.09510498e-001
4.05937292e+002	6.09156680e-001
4.06270847e+002	6.08802861e-001
4.06604403e+002	6.08449043e-001
4.06937959e+002	6.08095224e-001
4.07271514e+002	6.07741405e-001
4.07605070e+002	6.07387587e-001
4.07938626e+002	6.07033768e-001
4.08272181e+002	6.06679950e-001
4.08605737e+002	6.06326131e-001
4.08939293e+002	6.05972312e-001
4.09272849e+002	6.05618494e-001
4.09606404e+002	6.05264675e-001
4.09939960e+002	6.04910857e-001
4.10273516e+002	6.04557038e-001
4.10607071e+002	6.04203219e-001
4.10940627e+002	6.03849401e-001
4.11274183e+002	6.03495582e-001
4.11607738e+002	6.03172200e-001
4.11941294e+002	6.02903518e-001
4.12274850e+002	6.02634835e-001
4.12608406e+002	6.02366153e-001
4.12941961e+002	6.02097470e-001
4.13275517e+002	6.01828788e-001
4.13609073e+002	6.01560106e-001
4.13942628e+002	6.01291423e-001
4.14276184e+002	6.01022741e-001
4.14609740e+002	6.00754059e-001
4.14943296e+002	6.00485376e-001
4.15276851e+002	6.00216694e-001
4.15610407e+002	5.99948012e-001
4.15943963e+002	5.99679329e-001
4.16277518e+002	5.99410647e-001
4.16611074e+002	5.99141965e-001
4.16944630e+002	5.98873282e-001
4.17278185e+002	5.98604600e-001
4.17611741e+002	5.98335917e-001
4.17945297e+002	5.98067235e-001
4.18278853e+002	5.97798553e-001
4.18612408e+002	5.97529870e-001
4.18945964e+002	5.97261188e-001
4.19279520e+002	5.96459435e-001
4.19613075e+002	5.95595133e-001
4.19946631e+002	5.94730830e-001
4.20280187e+002	5.93866528e-001
4.20613742e+002	5.93002226e-001
4.20947298e+002	5.92137923e-001
4.21280854e+002	5.91273621e-001
4.21614410e+002	5.90409319e-001
4.21947965e+002	5.89545016e-001
4.22281521e+002	5.88680714e-001
4.22615077e+002	5.87816412e-001
4.22948632e+002	5.86952109e-001
4.23282188e+002	5.86087807e-001
4.23615744e+002	5.85223505e-001
4.23949300e+002	5.84359202e-001
4.24282855e+002	5.83494900e-001
4.24616411e+002	5.82630598e-001
4.24949967e+002	5.81766295e-001
4.25283522e+002	5.80901993e-001
4.25617078e+002	5.80037691e-001
4.25950634e+002	5.79173388e-001
4.26284189e+002	5.78211479e-001
4.26617745e+002	5.77054633e-001
4.26951301e+002	5.75897788e-001
4.27284857e+002	5.74740942e-001
4.27618412e+002	5.73584097e-001
4.27951968e+002	5.72427251e-001
4.28285524e+002	5.71270406e-001
4.28619079e+002	5.70113560e-001
4.28952635e+002	5.68956714e-001
4.29286191e+002	5.67799869e-001
4.29619746e+002	5.66643023e-001
4.29953302e+002	5.65486178e-001
4.30286858e+002	5.64329332e-001
4.30620414e+002	5.63172486e-001
4.30953969e+002	5.62015641e-001
4.31287525e+002	5.60594639e-001
4.31621081e+002	5.59026077e-001
4.31954636e+002	5.57457515e-001
4.32288192e+002	5.55888953e-001
4.32621748e+002	5.54320390e-001
4.32955304e+002	5.52751828e-001
4.33288859e+002	5.51183266e-001
4.33622415e+002	5.49614704e-001
4.33955971e+002	5.48046142e-001
4.34289526e+002	5.46477580e-001
4.34623082e+002	5.44909018e-001
4.34956638e+002	5.43340456e-001
4.35290193e+002	5.41771894e-001
4.35623749e+002	5.40203332e-001
4.35957305e+002	5.38634770e-001
4.36290861e+002	5.37066208e-001
4.36624416e+002	5.35497645e-001
4.36957972e+002	5.33929083e-001
4.37291528e+002	5.32360521e-001
4.37625083e+002	5.30791959e-001
4.37958639e+002	5.29223397e-001
4.38292195e+002	5.27654835e-001
4.38625751e+002	5.26086273e-001
4.38959306e+002	5.24517711e-001
4.39292862e+002	5.22949149e-001
4.39626418e+002	5.21380587e-001
4.39959973e+002	5.19812025e-001
4.40293529e+002	5.18243463e-001
4.40627085e+002	5.15765441e-001
4.40960640e+002	5.12567935e-001
4.41294196e+002	5.09370429e-001
4.41627752e+002	5.06172923e-001
4.41961308e+002	5.02975418e-001
4.42294863e+002	4.99777912e-001
4.42628419e+002	4.96580406e-001
4.42961975e+002	4.93382900e-001
4.43295530e+002	4.90185394e-001
4.43629086e+002	4.86987888e-001
4.43962642e+002	4.83971856e-001
4.44296197e+002	4.80961515e-001
4.44629753e+002	4.77951175e-001
4.44963309e+002	4.74940834e-001
4.45296865e+002	4.71930494e-001
4.45630420e+002	4.68920153e-001
4.45963976e+002	4.65909813e-001
4.46297532e+002	4.62899472e-001
4.46631087e+002	4.59889132e-001
4.46964643e+002	4.56878791e-001
4.47298199e+002	4.53868451e-001
4.47631755e+002	4.50858110e-001
4.47965310e+002	4.47847770e-001
4.48298866e+002	4.44837429e-001
4.48632422e+002	4.41827089e-001
4.48965977e+002	4.38816748e-001
4.49299533e+002	4.35806408e-001
4.49633089e+002	4.32796067e-001
4.49966644e+002	4.29785727e-001
4.50300200e+002	4.26775386e-001
4.50633756e+002	4.23765046e-001
4.50967312e+002	4.20754705e-001
4.51300867e+002	4.17744365e-001
4.51634423e+002	4.14734024e-001
4.51967979e+002	4.11723684e-001
4.52301534e+002	4.08713343e-001
4.52635090e+002	4.05703003e-001
4.52968646e+002	4.02692662e-001
4.53302201e+002	3.99682322e-001
4.53635757e+002	3.95981992e-001
4.53969313e+002	3.91974570e-001
4.54302869e+002	3.87967148e-001
4.54636424e+002	3.83959726e-001
4.54969980e+002	3.79952303e-001
4.55303536e+002	3.75944881e-001
4.55637091e+002	3.71937459e-001
4.55970647e+002	3.67930037e-001
4.56304203e+002	3.63922615e-001
4.56637759e+002	3.59688176e-001
4.56971314e+002	3.55426144e-001
4.57304870e+002	3.51164113e-001
4.57638426e+002	3.46902081e-001
4.57971981e+002	3.42640049e-001
4.58305537e+002	3.38378018e-001
4.58639093e+002	3.34115986e-001
4.58972648e+002	3.29853954e-001
4.59306204e+002	3.25591922e-001
4.59639760e+002	3.21329891e-001
4.59973316e+002	3.17067859e-001
4.60306871e+002	3.12805827e-001
4.60640427e+002	3.08543796e-001
4.60973983e+002	3.04281764e-001
4.61307538e+002	3.00019732e-001
4.61641094e+002	2.95757701e-001
4.61974650e+002	2.91495669e-001
4.62308205e+002	2.87233637e-001
4.62641761e+002	2.82971606e-001
4.62975317e+002	2.78709574e-001
4.63308873e+002	2.75050436e-001
4.63642428e+002	2.72695330e-001
4.63975984e+002	2.70340224e-001
4.64309540e+002	2.67985117e-001
4.64643095e+002	2.65630011e-001
4.64976651e+002	2.63274904e-001
4.65310207e+002	2.60919798e-001
4.65643763e+002	2.58564692e-001
4.65977318e+002	2.56209585e-001
4.66310874e+002	2.53854479e-001
4.66644430e+002	2.51499373e-001
4.66977985e+002	2.49144266e-001
4.67311541e+002	2.46789160e-001
4.67645097e+002	2.44434053e-001
4.67978652e+002	2.42078947e-001
4.68312208e+002	2.39723841e-001
4.68645764e+002	2.37368734e-001
4.68979320e+002	2.35013628e-001
4.69312875e+002	2.32658521e-001
4.69646431e+002	2.30303415e-001
4.69979987e+002	2.27948309e-001
4.70313542e+002	2.24957174e-001
4.70647098e+002	2.21629671e-001
4.70980654e+002	2.18302169e-001
4.71314209e+002	2.14974667e-001
4.71647765e+002	2.11647165e-001
4.71981321e+002	2.08319662e-001
4.72314877e+002	2.04992160e-001
4.72648432e+002	2.01664658e-001
4.72981988e+002	1.98337156e-001
4.73315544e+002	1.95009653e-001
4.73649099e+002	1.91682151e-001
4.73982655e+002	1.88354649e-001
4.74316211e+002	1.85027147e-001
4.74649767e+002	1.81699644e-001
4.74983322e+002	1.78372142e-001
4.75316878e+002	1.75044640e-001
4.75650434e+002	1.71717137e-001
4.75983989e+002	1.68389635e-001
4.76317545e+002	1.65062133e-001
4.76651101e+002	1.63155553e-001
4.76984656e+002	1.61285303e-001
4.77318212e+002	1.59415052e-001
4.77651768e+002	1.57544802e-001
4.77985324e+002	1.55674552e-001
4.78318879e+002	1.53804302e-001
4.78652435e+002	1.51934052e-001
4.78985991e+002	1.50063802e-001
4.79319546e+002	1.48193552e-001
4.79653102e+002	1.46323302e-001
4.79986658e+002	1.44453052e-001
4.80320213e+002	1.42582802e-001
4.80653769e+002	1.40712552e-001
4.80987325e+002	1.38842301e-001
4.81320881e+002	1.36972051e-001
4.81654436e+002	1.35101801e-001
4.81987992e+002	1.33231551e-001
4.82321548e+002	1.31361301e-001
4.82655103e+002	1.29513873e-001
4.82988659e+002	1.27682199e-001
4.83322215e+002	1.25850525e-001
4.83655771e+002	1.24018850e-001
4.83989326e+002	1.22187176e-001
4.84322882e+002	1.20355502e-001
4.84656438e+002	1.18523828e-001
4.84989993e+002	1.16692153e-001
4.85323549e+002	1.14860479e-001
4.85657105e+002	1.13028805e-001
4.85990660e+002	1.11197131e-001
4.86324216e+002	1.09365456e-001
4.86657772e+002	1.07533782e-001
4.86991328e+002	1.05702108e-001
4.87324883e+002	1.03870434e-001
4.87658439e+002	1.02038759e-001
4.87991995e+002	1.00207085e-001
4.88325550e+002	9.83754110e-002
4.88659106e+002	9.65437367e-002
4.88992662e+002	9.47120625e-002
4.89326217e+002	9.28803883e-002
4.89659773e+002	9.10487140e-002
4.89993329e+002	8.92170398e-002
4.90326885e+002	8.73853655e-002
4.90660440e+002	8.55536913e-002
4.90993996e+002	8.44101902e-002
4.91327552e+002	8.35850824e-002
4.91661107e+002	8.27599745e-002
4.91994663e+002	8.19348666e-002
4.92328219e+002	8.11097588e-002
4.92661775e+002	8.02846509e-002
4.92995330e+002	7.94595431e-002
4.93328886e+002	7.86344352e-002
4.93662442e+002	7.78093273e-002
4.93995997e+002	7.69842195e-002
4.94329553e+002	7.61591116e-002
4.94663109e+002	7.53340038e-002
4.94996664e+002	7.45088959e-002
4.95330220e+002	7.36837881e-002
4.95663776e+002	7.28586802e-002
4.95997332e+002	7.20335723e-002
4.96330887e+002	7.12084645e-002
4.96664443e+002	7.03833566e-002
4.96997999e+002	6.95582488e-002
4.97331554e+002	6.87331409e-002
4.97665110e+002	6.79080330e-002
4.97998666e+002	6.70829252e-002
4.98332221e+002	6.62578173e-002
4.98665777e+002	6.54327095e-002
4.98999333e+002	6.46076016e-002
4.99332889e+002	6.37824937e-002
4.99666444e+002	6.29573859e-002
5.00000000e+002	6.20549752e-002
