0.00000000e+000	6.15437449e-001	
2.00133422e-001	6.15438440e-001
4.00266845e-001	6.15439458e-001
6.00400267e-001	6.15440476e-001
8.00533689e-001	6.15441494e-001
1.00066711e+000	6.15442511e-001
1.20080053e+000	6.15443529e-001
1.40093396e+000	6.15444547e-001
1.60106738e+000	6.15445564e-001
1.80120080e+000	6.15446582e-001
2.00133422e+000	6.15447600e-001
2.20146765e+000	6.15448617e-001
2.40160107e+000	6.15449635e-001
2.60173449e+000	6.15450653e-001
2.80186791e+000	6.15451671e-001
3.00200133e+000	6.15452688e-001
3.20213476e+000	6.15453706e-001
3.40226818e+000	6.15454724e-001
3.60240160e+000	6.15455741e-001
3.80253502e+000	6.15456759e-001
4.00266845e+000	6.15457777e-001
4.20280187e+000	6.15458795e-001
4.40293529e+000	6.15459812e-001
4.60306871e+000	6.15460830e-001
4.80320213e+000	6.15461848e-001
5.00333556e+000	6.15462865e-001
5.20346898e+000	6.15463883e-001
5.40360240e+000	6.15464901e-001
5.60373582e+000	6.15465919e-001
5.80386925e+000	6.15466936e-001
6.00400267e+000	6.15467954e-001
6.20413609e+000	6.15468972e-001
6.40426951e+000	6.15469989e-001
6.60440294e+000	6.15471007e-001
6.80453636e+000	6.15472025e-001
7.00466978e+000	6.15473042e-001
7.20480320e+000	6.15474060e-001
7.40493662e+000	6.15475078e-001
7.60507005e+000	6.15476096e-001
7.80520347e+000	6.15477113e-001
8.00533689e+000	6.15478131e-001
8.20547031e+000	6.15479149e-001
8.40560374e+000	6.15480166e-001
8.60573716e+000	6.15481184e-001
8.80587058e+000	6.15482202e-001
9.00600400e+000	6.15483220e-001
9.20613742e+000	6.15484237e-001
9.40627085e+000	6.15485255e-001
9.60640427e+000	6.15486273e-001
9.80653769e+000	6.15487290e-001
1.00066711e+001	6.15488308e-001
1.02068045e+001	6.15489326e-001
1.04069380e+001	6.15490344e-001
1.06070714e+001	6.15491361e-001
1.08072048e+001	6.15492379e-001
1.10073382e+001	6.15493397e-001
1.12074716e+001	6.15494414e-001
1.14076051e+001	6.15495432e-001
1.16077385e+001	6.15496450e-001
1.18078719e+001	6.15497467e-001
1.20080053e+001	6.15498485e-001
1.22081388e+001	6.15499503e-001
1.24082722e+001	6.15500521e-001
1.26084056e+001	6.15501538e-001
1.28085390e+001	6.15502556e-001
1.30086724e+001	6.15503574e-001
1.32088059e+001	6.15504591e-001
1.34089393e+001	6.15505609e-001
1.36090727e+001	6.15506627e-001
1.38092061e+001	6.15507645e-001
1.40093396e+001	6.15508662e-001
1.42094730e+001	6.15511805e-001
1.44096064e+001	6.15515519e-001
1.46097398e+001	6.15519233e-001
1.48098732e+001	6.15522946e-001
1.50100067e+001	6.15526660e-001
1.52101401e+001	6.15530374e-001
1.54102735e+001	6.15534087e-001
1.56104069e+001	6.15537801e-001
1.58105404e+001	6.15541515e-001
1.60106738e+001	6.15545229e-001
1.62108072e+001	6.15548942e-001
1.64109406e+001	6.15552656e-001
1.66110740e+001	6.15556370e-001
1.68112075e+001	6.15560083e-001
1.70113409e+001	6.15563797e-001
1.72114743e+001	6.15567511e-001
1.74116077e+001	6.15571224e-001
1.76117412e+001	6.15574938e-001
1.78118746e+001	6.15578652e-001
1.80120080e+001	6.15582366e-001
1.82121414e+001	6.15586079e-001
1.84122748e+001	6.15589793e-001
1.86124083e+001	6.15593507e-001
1.88125417e+001	6.15597220e-001
1.90126751e+001	6.15600934e-001
1.92128085e+001	6.15604648e-001
1.94129420e+001	6.15608362e-001
1.96130754e+001	6.15612075e-001
1.98132088e+001	6.15615789e-001
2.00133422e+001	6.15619503e-001
2.02134757e+001	6.15623216e-001
2.04136091e+001	6.15626930e-001
2.06137425e+001	6.15630644e-001
2.08138759e+001	6.15634357e-001
2.10140093e+001	6.15638071e-001
2.12141428e+001	6.15641785e-001
2.14142762e+001	6.15645499e-001
2.16144096e+001	6.15649212e-001
2.18145430e+001	6.15652926e-001
2.20146765e+001	6.15656640e-001
2.22148099e+001	6.15660353e-001
2.24149433e+001	6.15664067e-001
2.26150767e+001	6.15667781e-001
2.28152101e+001	6.15671494e-001
2.30153436e+001	6.15675208e-001
2.32154770e+001	6.15678922e-001
2.34156104e+001	6.15682636e-001
2.36157438e+001	6.15686349e-001
2.38158773e+001	6.15690063e-001
2.40160107e+001	6.15693777e-001
2.42161441e+001	6.15697490e-001
2.44162775e+001	6.15701204e-001
2.46164109e+001	6.15704918e-001
2.48165444e+001	6.15708632e-001
2.50166778e+001	6.15712345e-001
2.52168112e+001	6.15716059e-001
2.54169446e+001	6.15719773e-001
2.56170781e+001	6.15723486e-001
2.58172115e+001	6.15727200e-001
2.60173449e+001	6.15730914e-001
2.62174783e+001	6.15734627e-001
2.64176117e+001	6.15738341e-001
2.66177452e+001	6.15742055e-001
2.68178786e+001	6.15745769e-001
2.70180120e+001	6.15749482e-001
2.72181454e+001	6.15753196e-001
2.74182789e+001	6.15756910e-001
2.76184123e+001	6.15760623e-001
2.78185457e+001	6.15764337e-001
2.80186791e+001	6.15768051e-001
2.82188125e+001	6.15772774e-001
2.84189460e+001	6.15778252e-001
2.86190794e+001	6.15783730e-001
2.88192128e+001	6.15789209e-001
2.90193462e+001	6.15794687e-001
2.92194797e+001	6.15800165e-001
2.94196131e+001	6.15805644e-001
2.96197465e+001	6.15811122e-001
2.98198799e+001	6.15816600e-001
3.00200133e+001	6.15822079e-001
3.02201468e+001	6.15827557e-001
3.04202802e+001	6.15833035e-001
3.06204136e+001	6.15838514e-001
3.08205470e+001	6.15843992e-001
3.10206805e+001	6.15849470e-001
3.12208139e+001	6.15854949e-001
3.14209473e+001	6.15860427e-001
3.16210807e+001	6.15865905e-001
3.18212141e+001	6.15871384e-001
3.20213476e+001	6.15876862e-001
3.22214810e+001	6.15882340e-001
3.24216144e+001	6.15887819e-001
3.26217478e+001	6.15893297e-001
3.28218813e+001	6.15898775e-001
3.30220147e+001	6.15904253e-001
3.32221481e+001	6.15909732e-001
3.34222815e+001	6.15915210e-001
3.36224149e+001	6.15920688e-001
3.38225484e+001	6.15926167e-001
3.40226818e+001	6.15931645e-001
3.42228152e+001	6.15937123e-001
3.44229486e+001	6.15942602e-001
3.46230821e+001	6.15948080e-001
3.48232155e+001	6.15953558e-001
3.50233489e+001	6.15959037e-001
3.52234823e+001	6.15964515e-001
3.54236157e+001	6.15969993e-001
3.56237492e+001	6.15975472e-001
3.58238826e+001	6.15980950e-001
3.60240160e+001	6.15986428e-001
3.62241494e+001	6.15991907e-001
3.64242829e+001	6.15997385e-001
3.66244163e+001	6.16002863e-001
3.68245497e+001	6.16008342e-001
3.70246831e+001	6.16013820e-001
3.72248165e+001	6.16019298e-001
3.74249500e+001	6.16024777e-001
3.76250834e+001	6.16030255e-001
3.78252168e+001	6.16035733e-001
3.80253502e+001	6.16041212e-001
3.82254837e+001	6.16046690e-001
3.84256171e+001	6.16052168e-001
3.86257505e+001	6.16057647e-001
3.88258839e+001	6.16063125e-001
3.90260173e+001	6.16068603e-001
3.92261508e+001	6.16074082e-001
3.94262842e+001	6.16079560e-001
3.96264176e+001	6.16085038e-001
3.98265510e+001	6.16090517e-001
4.00266845e+001	6.16095995e-001
4.02268179e+001	6.16101473e-001
4.04269513e+001	6.16106951e-001
4.06270847e+001	6.16112430e-001
4.08272181e+001	6.16117908e-001
4.10273516e+001	6.16123386e-001
4.12274850e+001	6.16128865e-001
4.14276184e+001	6.16134343e-001
4.16277518e+001	6.16139821e-001
4.18278853e+001	6.16145300e-001
4.20280187e+001	6.16150778e-001
4.22281521e+001	6.16157014e-001
4.24282855e+001	6.16164459e-001
4.26284189e+001	6.16171904e-001
4.28285524e+001	6.16179349e-001
4.30286858e+001	6.16186793e-001
4.32288192e+001	6.16194238e-001
4.34289526e+001	6.16201683e-001
4.36290861e+001	6.16209128e-001
4.38292195e+001	6.16216573e-001
4.40293529e+001	6.16224018e-001
4.42294863e+001	6.16231463e-001
4.44296197e+001	6.16238907e-001
4.46297532e+001	6.16246352e-001
4.48298866e+001	6.16253797e-001
4.50300200e+001	6.16261242e-001
4.52301534e+001	6.16268687e-001
4.54302869e+001	6.16276132e-001
4.56304203e+001	6.16283576e-001
4.58305537e+001	6.16291021e-001
4.60306871e+001	6.16298466e-001
4.62308205e+001	6.16305911e-001
4.64309540e+001	6.16313356e-001
4.66310874e+001	6.16320801e-001
4.68312208e+001	6.16328246e-001
4.70313542e+001	6.16335690e-001
4.72314877e+001	6.16343135e-001
4.74316211e+001	6.16350580e-001
4.76317545e+001	6.16358025e-001
4.78318879e+001	6.16365470e-001
4.80320213e+001	6.16372915e-001
4.82321548e+001	6.16380359e-001
4.84322882e+001	6.16387804e-001
4.86324216e+001	6.16395249e-001
4.88325550e+001	6.16402694e-001
4.90326885e+001	6.16410139e-001
4.92328219e+001	6.16417584e-001
4.94329553e+001	6.16425029e-001
4.96330887e+001	6.16432473e-001
4.98332221e+001	6.16439918e-001
5.00333556e+001	6.16447363e-001
5.02334890e+001	6.16454808e-001
5.04336224e+001	6.16462253e-001
5.06337558e+001	6.16469698e-001
5.08338893e+001	6.16477142e-001
5.10340227e+001	6.16484587e-001
5.12341561e+001	6.16492032e-001
5.14342895e+001	6.16499477e-001
5.16344229e+001	6.16506922e-001
5.18345564e+001	6.16514367e-001
5.20346898e+001	6.16521812e-001
5.22348232e+001	6.16529256e-001
5.24349566e+001	6.16536701e-001
5.26350901e+001	6.16544146e-001
5.28352235e+001	6.16551591e-001
5.30353569e+001	6.16559036e-001
5.32354903e+001	6.16566481e-001
5.34356237e+001	6.16573926e-001
5.36357572e+001	6.16581370e-001
5.38358906e+001	6.16588815e-001
5.40360240e+001	6.16596260e-001
5.42361574e+001	6.16603705e-001
5.44362909e+001	6.16611150e-001
5.46364243e+001	6.16618595e-001
5.48365577e+001	6.16626039e-001
5.50366911e+001	6.16633484e-001
5.52368245e+001	6.16640929e-001
5.54369580e+001	6.16648374e-001
5.56370914e+001	6.16655819e-001
5.58372248e+001	6.16663264e-001
5.60373582e+001	6.16670709e-001
5.62374917e+001	6.16678583e-001
5.64376251e+001	6.16688654e-001
5.66377585e+001	6.16698724e-001
5.68378919e+001	6.16708795e-001
5.70380254e+001	6.16718865e-001
5.72381588e+001	6.16728936e-001
5.74382922e+001	6.16739007e-001
5.76384256e+001	6.16749077e-001
5.78385590e+001	6.16759148e-001
5.80386925e+001	6.16769218e-001
5.82388259e+001	6.16779289e-001
5.84389593e+001	6.16789359e-001
5.86390927e+001	6.16799430e-001
5.88392262e+001	6.16809501e-001
5.90393596e+001	6.16819571e-001
5.92394930e+001	6.16829642e-001
5.94396264e+001	6.16839712e-001
5.96397598e+001	6.16849783e-001
5.98398933e+001	6.16859854e-001
6.00400267e+001	6.16869924e-001
6.02401601e+001	6.16879995e-001
6.04402935e+001	6.16890065e-001
6.06404270e+001	6.16900136e-001
6.08405604e+001	6.16910206e-001
6.10406938e+001	6.16920277e-001
6.12408272e+001	6.16930348e-001
6.14409606e+001	6.16940418e-001
6.16410941e+001	6.16950489e-001
6.18412275e+001	6.16960559e-001
6.20413609e+001	6.16970630e-001
6.22414943e+001	6.16980701e-001
6.24416278e+001	6.16990771e-001
6.26417612e+001	6.17000842e-001
6.28418946e+001	6.17010912e-001
6.30420280e+001	6.17020983e-001
6.32421614e+001	6.17031053e-001
6.34422949e+001	6.17041124e-001
6.36424283e+001	6.17051195e-001
6.38425617e+001	6.17061265e-001
6.40426951e+001	6.17071336e-001
6.42428286e+001	6.17081406e-001
6.44429620e+001	6.17091477e-001
6.46430954e+001	6.17101548e-001
6.48432288e+001	6.17111618e-001
6.50433622e+001	6.17121689e-001
6.52434957e+001	6.17131759e-001
6.54436291e+001	6.17141830e-001
6.56437625e+001	6.17151900e-001
6.58438959e+001	6.17161971e-001
6.60440294e+001	6.17172042e-001
6.62441628e+001	6.17182112e-001
6.64442962e+001	6.17192183e-001
6.66444296e+001	6.17202253e-001
6.68445630e+001	6.17212324e-001
6.70446965e+001	6.17222395e-001
6.72448299e+001	6.17232465e-001
6.74449633e+001	6.17242536e-001
6.76450967e+001	6.17252606e-001
6.78452302e+001	6.17262677e-001
6.80453636e+001	6.17272747e-001
6.82454970e+001	6.17282818e-001
6.84456304e+001	6.17292889e-001
6.86457638e+001	6.17302959e-001
6.88458973e+001	6.17313030e-001
6.90460307e+001	6.17323100e-001
6.92461641e+001	6.17333171e-001
6.94462975e+001	6.17343242e-001
6.96464310e+001	6.17353312e-001
6.98465644e+001	6.17363383e-001
7.00466978e+001	6.17373453e-001
7.02468312e+001	6.17383524e-001
7.04469646e+001	6.17394120e-001
7.06470981e+001	6.17404717e-001
7.08472315e+001	6.17415314e-001
7.10473649e+001	6.17425912e-001
7.12474983e+001	6.17436509e-001
7.14476318e+001	6.17447106e-001
7.16477652e+001	6.17457703e-001
7.18478986e+001	6.17468301e-001
7.20480320e+001	6.17478898e-001
7.22481654e+001	6.17489495e-001
7.24482989e+001	6.17500092e-001
7.26484323e+001	6.17510690e-001
7.28485657e+001	6.17521287e-001
7.30486991e+001	6.17531884e-001
7.32488326e+001	6.17542481e-001
7.34489660e+001	6.17553079e-001
7.36490994e+001	6.17563676e-001
7.38492328e+001	6.17574273e-001
7.40493662e+001	6.17584870e-001
7.42494997e+001	6.17595468e-001
7.44496331e+001	6.17606065e-001
7.46497665e+001	6.17616662e-001
7.48498999e+001	6.17627259e-001
7.50500334e+001	6.17637857e-001
7.52501668e+001	6.17648454e-001
7.54503002e+001	6.17659051e-001
7.56504336e+001	6.17669648e-001
7.58505670e+001	6.17680246e-001
7.60507005e+001	6.17690843e-001
7.62508339e+001	6.17701440e-001
7.64509673e+001	6.17712037e-001
7.66511007e+001	6.17722635e-001
7.68512342e+001	6.17733232e-001
7.70513676e+001	6.17743829e-001
7.72515010e+001	6.17754426e-001
7.74516344e+001	6.17765024e-001
7.76517678e+001	6.17775621e-001
7.78519013e+001	6.17786218e-001
7.80520347e+001	6.17796815e-001
7.82521681e+001	6.17807413e-001
7.84523015e+001	6.17818010e-001
7.86524350e+001	6.17828607e-001
7.88525684e+001	6.17839204e-001
7.90527018e+001	6.17849802e-001
7.92528352e+001	6.17860399e-001
7.94529686e+001	6.17870996e-001
7.96531021e+001	6.17881593e-001
7.98532355e+001	6.17892191e-001
8.00533689e+001	6.17902788e-001
8.02535023e+001	6.17913385e-001
8.04536358e+001	6.17923982e-001
8.06537692e+001	6.17934580e-001
8.08539026e+001	6.17945177e-001
8.10540360e+001	6.17955774e-001
8.12541694e+001	6.17966371e-001
8.14543029e+001	6.17976968e-001
8.16544363e+001	6.17987566e-001
8.18545697e+001	6.17998163e-001
8.20547031e+001	6.18008760e-001
8.22548366e+001	6.18019357e-001
8.24549700e+001	6.18029955e-001
8.26551034e+001	6.18040552e-001
8.28552368e+001	6.18051149e-001
8.30553702e+001	6.18061746e-001
8.32555037e+001	6.18072344e-001
8.34556371e+001	6.18082941e-001
8.36557705e+001	6.18093538e-001
8.38559039e+001	6.18104135e-001
8.40560374e+001	6.18114733e-001
8.42561708e+001	6.18125330e-001
8.44563042e+001	6.18136129e-001
8.46564376e+001	6.18146897e-001
8.48565710e+001	6.18157665e-001
8.50567045e+001	6.18168433e-001
8.52568379e+001	6.18179201e-001
8.54569713e+001	6.18189968e-001
8.56571047e+001	6.18200736e-001
8.58572382e+001	6.18211504e-001
8.60573716e+001	6.18222272e-001
8.62575050e+001	6.18233040e-001
8.64576384e+001	6.18243808e-001
8.66577718e+001	6.18254576e-001
8.68579053e+001	6.18265344e-001
8.70580387e+001	6.18276112e-001
8.72581721e+001	6.18286879e-001
8.74583055e+001	6.18297647e-001
8.76584390e+001	6.18308415e-001
8.78585724e+001	6.18319183e-001
8.80587058e+001	6.18329951e-001
8.82588392e+001	6.18340719e-001
8.84589726e+001	6.18351487e-001
8.86591061e+001	6.18362255e-001
8.88592395e+001	6.18373023e-001
8.90593729e+001	6.18383790e-001
8.92595063e+001	6.18394558e-001
8.94596398e+001	6.18405326e-001
8.96597732e+001	6.18416094e-001
8.98599066e+001	6.18426862e-001
9.00600400e+001	6.18437630e-001
9.02601734e+001	6.18448398e-001
9.04603069e+001	6.18459166e-001
9.06604403e+001	6.18469934e-001
9.08605737e+001	6.18480701e-001
9.10607071e+001	6.18491469e-001
9.12608406e+001	6.18502237e-001
9.14609740e+001	6.18513005e-001
9.16611074e+001	6.18523773e-001
9.18612408e+001	6.18534541e-001
9.20613742e+001	6.18545309e-001
9.22615077e+001	6.18556077e-001
9.24616411e+001	6.18566844e-001
9.26617745e+001	6.18577612e-001
9.28619079e+001	6.18588380e-001
9.30620414e+001	6.18599148e-001
9.32621748e+001	6.18609916e-001
9.34623082e+001	6.18620684e-001
9.36624416e+001	6.18631452e-001
9.38625751e+001	6.18642220e-001
9.40627085e+001	6.18652988e-001
9.42628419e+001	6.18663755e-001
9.44629753e+001	6.18674523e-001
9.46631087e+001	6.18685291e-001
9.48632422e+001	6.18696059e-001
9.50633756e+001	6.18706827e-001
9.52635090e+001	6.18717595e-001
9.54636424e+001	6.18728363e-001
9.56637759e+001	6.18739131e-001
9.58639093e+001	6.18749899e-001
9.60640427e+001	6.18760666e-001
9.62641761e+001	6.18771434e-001
9.64643095e+001	6.18782202e-001
9.66644430e+001	6.18792970e-001
9.68645764e+001	6.18803738e-001
9.70647098e+001	6.18814506e-001
9.72648432e+001	6.18825274e-001
9.74649767e+001	6.18836042e-001
9.76651101e+001	6.18846810e-001
9.78652435e+001	6.18857577e-001
9.80653769e+001	6.18868345e-001
9.82655103e+001	6.18879113e-001
9.84656438e+001	6.18887255e-001
9.86657772e+001	6.18893234e-001
9.88659106e+001	6.18899212e-001
9.90660440e+001	6.18905190e-001
9.92661775e+001	6.18911169e-001
9.94663109e+001	6.18917147e-001
9.96664443e+001	6.18923125e-001
9.98665777e+001	6.18929104e-001
1.00066711e+002	6.18935082e-001
1.00266845e+002	6.18941060e-001
1.00466978e+002	6.18947039e-001
1.00667111e+002	6.18953017e-001
1.00867245e+002	6.18958996e-001
1.01067378e+002	6.18964974e-001
1.01267512e+002	6.18970952e-001
1.01467645e+002	6.18976931e-001
1.01667779e+002	6.18982909e-001
1.01867912e+002	6.18988887e-001
1.02068045e+002	6.18994866e-001
1.02268179e+002	6.19000844e-001
1.02468312e+002	6.19006822e-001
1.02668446e+002	6.19012801e-001
1.02868579e+002	6.19018779e-001
1.03068712e+002	6.19024757e-001
1.03268846e+002	6.19030736e-001
1.03468979e+002	6.19036714e-001
1.03669113e+002	6.19042692e-001
1.03869246e+002	6.19048671e-001
1.04069380e+002	6.19054649e-001
1.04269513e+002	6.19060628e-001
1.04469646e+002	6.19066606e-001
1.04669780e+002	6.19072584e-001
1.04869913e+002	6.19078563e-001
1.05070047e+002	6.19084541e-001
1.05270180e+002	6.19090519e-001
1.05470314e+002	6.19096498e-001
1.05670447e+002	6.19102476e-001
1.05870580e+002	6.19108454e-001
1.06070714e+002	6.19114433e-001
1.06270847e+002	6.19120411e-001
1.06470981e+002	6.19126389e-001
1.06671114e+002	6.19132368e-001
1.06871247e+002	6.19138346e-001
1.07071381e+002	6.19144324e-001
1.07271514e+002	6.19150303e-001
1.07471648e+002	6.19156281e-001
1.07671781e+002	6.19162260e-001
1.07871915e+002	6.19168238e-001
1.08072048e+002	6.19174216e-001
1.08272181e+002	6.19180195e-001
1.08472315e+002	6.19186173e-001
1.08672448e+002	6.19192151e-001
1.08872582e+002	6.19198130e-001
1.09072715e+002	6.19204108e-001
1.09272849e+002	6.19210086e-001
1.09472982e+002	6.19216065e-001
1.09673115e+002	6.19222043e-001
1.09873249e+002	6.19228021e-001
1.10073382e+002	6.19234000e-001
1.10273516e+002	6.19239978e-001
1.10473649e+002	6.19245957e-001
1.10673783e+002	6.19251935e-001
1.10873916e+002	6.19257913e-001
1.11074049e+002	6.19263892e-001
1.11274183e+002	6.19269870e-001
1.11474316e+002	6.19275848e-001
1.11674450e+002	6.19281827e-001
1.11874583e+002	6.19287805e-001
1.12074716e+002	6.19293783e-001
1.12274850e+002	6.19299762e-001
1.12474983e+002	6.19302814e-001
1.12675117e+002	6.19300136e-001
1.12875250e+002	6.19297458e-001
1.13075384e+002	6.19294780e-001
1.13275517e+002	6.19292102e-001
1.13475650e+002	6.19289424e-001
1.13675784e+002	6.19286746e-001
1.13875917e+002	6.19284068e-001
1.14076051e+002	6.19281390e-001
1.14276184e+002	6.19278712e-001
1.14476318e+002	6.19276034e-001
1.14676451e+002	6.19273356e-001
1.14876584e+002	6.19270677e-001
1.15076718e+002	6.19267999e-001
1.15276851e+002	6.19265321e-001
1.15476985e+002	6.19262643e-001
1.15677118e+002	6.19259965e-001
1.15877252e+002	6.19257287e-001
1.16077385e+002	6.19254609e-001
1.16277518e+002	6.19251931e-001
1.16477652e+002	6.19249253e-001
1.16677785e+002	6.19246575e-001
1.16877919e+002	6.19243897e-001
1.17078052e+002	6.19241219e-001
1.17278185e+002	6.19238541e-001
1.17478319e+002	6.19235863e-001
1.17678452e+002	6.19233185e-001
1.17878586e+002	6.19230507e-001
1.18078719e+002	6.19227829e-001
1.18278853e+002	6.19225151e-001
1.18478986e+002	6.19222473e-001
1.18679119e+002	6.19219795e-001
1.18879253e+002	6.19217117e-001
1.19079386e+002	6.19214439e-001
1.19279520e+002	6.19211761e-001
1.19479653e+002	6.19209083e-001
1.19679787e+002	6.19206405e-001
1.19879920e+002	6.19203726e-001
1.20080053e+002	6.19201048e-001
1.20280187e+002	6.19198370e-001
1.20480320e+002	6.19195692e-001
1.20680454e+002	6.19193014e-001
1.20880587e+002	6.19190336e-001
1.21080720e+002	6.19187658e-001
1.21280854e+002	6.19184980e-001
1.21480987e+002	6.19182302e-001
1.21681121e+002	6.19179624e-001
1.21881254e+002	6.19176946e-001
1.22081388e+002	6.19174268e-001
1.22281521e+002	6.19171590e-001
1.22481654e+002	6.19168912e-001
1.22681788e+002	6.19166234e-001
1.22881921e+002	6.19163556e-001
1.23082055e+002	6.19160878e-001
1.23282188e+002	6.19158200e-001
1.23482322e+002	6.19155522e-001
1.23682455e+002	6.19152844e-001
1.23882588e+002	6.19150166e-001
1.24082722e+002	6.19147488e-001
1.24282855e+002	6.19144810e-001
1.24482989e+002	6.19142132e-001
1.24683122e+002	6.19139454e-001
1.24883256e+002	6.19136775e-001
1.25083389e+002	6.19134097e-001
1.25283522e+002	6.19131419e-001
1.25483656e+002	6.19128741e-001
1.25683789e+002	6.19126063e-001
1.25883923e+002	6.19123385e-001
1.26084056e+002	6.19120707e-001
1.26284189e+002	6.19118029e-001
1.26484323e+002	6.19110571e-001
1.26684456e+002	6.19076950e-001
1.26884590e+002	6.19043328e-001
1.27084723e+002	6.19009707e-001
1.27284857e+002	6.18976085e-001
1.27484990e+002	6.18942464e-001
1.27685123e+002	6.18908842e-001
1.27885257e+002	6.18875221e-001
1.28085390e+002	6.18841599e-001
1.28285524e+002	6.18807978e-001
1.28485657e+002	6.18774356e-001
1.28685791e+002	6.18740735e-001
1.28885924e+002	6.18707113e-001
1.29086057e+002	6.18673492e-001
1.29286191e+002	6.18639870e-001
1.29486324e+002	6.18606249e-001
1.29686458e+002	6.18572627e-001
1.29886591e+002	6.18539006e-001
1.30086724e+002	6.18505384e-001
1.30286858e+002	6.18471763e-001
1.30486991e+002	6.18438141e-001
1.30687125e+002	6.18404520e-001
1.30887258e+002	6.18370898e-001
1.31087392e+002	6.18337277e-001
1.31287525e+002	6.18303655e-001
1.31487658e+002	6.18270034e-001
1.31687792e+002	6.18236412e-001
1.31887925e+002	6.18202791e-001
1.32088059e+002	6.18169169e-001
1.32288192e+002	6.18135548e-001
1.32488326e+002	6.18101926e-001
1.32688459e+002	6.18068305e-001
1.32888592e+002	6.18034683e-001
1.33088726e+002	6.18001062e-001
1.33288859e+002	6.17967440e-001
1.33488993e+002	6.17933819e-001
1.33689126e+002	6.17900197e-001
1.33889260e+002	6.17866576e-001
1.34089393e+002	6.17832954e-001
1.34289526e+002	6.17799333e-001
1.34489660e+002	6.17765711e-001
1.34689793e+002	6.17732090e-001
1.34889927e+002	6.17698468e-001
1.35090060e+002	6.17664847e-001
1.35290193e+002	6.17631225e-001
1.35490327e+002	6.17597604e-001
1.35690460e+002	6.17563982e-001
1.35890594e+002	6.17530361e-001
1.36090727e+002	6.17496739e-001
1.36290861e+002	6.17463118e-001
1.36490994e+002	6.17429496e-001
1.36691127e+002	6.17395875e-001
1.36891261e+002	6.17362253e-001
1.37091394e+002	6.17328632e-001
1.37291528e+002	6.17295010e-001
1.37491661e+002	6.17261389e-001
1.37691795e+002	6.17227767e-001
1.37891928e+002	6.17194146e-001
1.38092061e+002	6.17160524e-001
1.38292195e+002	6.17126903e-001
1.38492328e+002	6.17093281e-001
1.38692462e+002	6.17059660e-001
1.38892595e+002	6.17026038e-001
1.39092728e+002	6.16992417e-001
1.39292862e+002	6.16958795e-001
1.39492995e+002	6.16925174e-001
1.39693129e+002	6.16891552e-001
1.39893262e+002	6.16857931e-001
1.40093396e+002	6.16824309e-001
1.40293529e+002	6.16790688e-001
1.40493662e+002	6.16757066e-001
1.40693796e+002	6.16665442e-001
1.40893929e+002	6.16570835e-001
1.41094063e+002	6.16476228e-001
1.41294196e+002	6.16381622e-001
1.41494330e+002	6.16287015e-001
1.41694463e+002	6.16192408e-001
1.41894596e+002	6.16097801e-001
1.42094730e+002	6.16003195e-001
1.42294863e+002	6.15908588e-001
1.42494997e+002	6.15813981e-001
1.42695130e+002	6.15719375e-001
1.42895264e+002	6.15624768e-001
1.43095397e+002	6.15530161e-001
1.43295530e+002	6.15435555e-001
1.43495664e+002	6.15340948e-001
1.43695797e+002	6.15246341e-001
1.43895931e+002	6.15151735e-001
1.44096064e+002	6.15057128e-001
1.44296197e+002	6.14962521e-001
1.44496331e+002	6.14867915e-001
1.44696464e+002	6.14773308e-001
1.44896598e+002	6.14678701e-001
1.45096731e+002	6.14584095e-001
1.45296865e+002	6.14489488e-001
1.45496998e+002	6.14394881e-001
1.45697131e+002	6.14300275e-001
1.45897265e+002	6.14205668e-001
1.46097398e+002	6.14111061e-001
1.46297532e+002	6.14016455e-001
1.46497665e+002	6.13921848e-001
1.46697799e+002	6.13827241e-001
1.46897932e+002	6.13732635e-001
1.47098065e+002	6.13638028e-001
1.47298199e+002	6.13543421e-001
1.47498332e+002	6.13448814e-001
1.47698466e+002	6.13354208e-001
1.47898599e+002	6.13259601e-001
1.48098732e+002	6.13164994e-001
1.48298866e+002	6.13070388e-001
1.48498999e+002	6.12975781e-001
1.48699133e+002	6.12881174e-001
1.48899266e+002	6.12786568e-001
1.49099400e+002	6.12691961e-001
1.49299533e+002	6.12597354e-001
1.49499666e+002	6.12502748e-001
1.49699800e+002	6.12408141e-001
1.49899933e+002	6.12313534e-001
1.50100067e+002	6.12218928e-001
1.50300200e+002	6.12124321e-001
1.50500334e+002	6.12029714e-001
1.50700467e+002	6.11935108e-001
1.50900600e+002	6.11840501e-001
1.51100734e+002	6.11745894e-001
1.51300867e+002	6.11651288e-001
1.51501001e+002	6.11556681e-001
1.51701134e+002	6.11462074e-001
1.51901268e+002	6.11367468e-001
1.52101401e+002	6.11272861e-001
1.52301534e+002	6.11178254e-001
1.52501668e+002	6.11083648e-001
1.52701801e+002	6.10989041e-001
1.52901935e+002	6.10894434e-001
1.53102068e+002	6.10799827e-001
1.53302201e+002	6.10705221e-001
1.53502335e+002	6.10610614e-001
1.53702468e+002	6.10516007e-001
1.53902602e+002	6.10421401e-001
1.54102735e+002	6.10326794e-001
1.54302869e+002	6.10232187e-001
1.54503002e+002	6.10137581e-001
1.54703135e+002	6.09951492e-001
1.54903269e+002	6.09734795e-001
1.55103402e+002	6.09518099e-001
1.55303536e+002	6.09301403e-001
1.55503669e+002	6.09084707e-001
1.55703803e+002	6.08868010e-001
1.55903936e+002	6.08651314e-001
1.56104069e+002	6.08434618e-001
1.56304203e+002	6.08217922e-001
1.56504336e+002	6.08001225e-001
1.56704470e+002	6.07784529e-001
1.56904603e+002	6.07567833e-001
1.57104736e+002	6.07351137e-001
1.57304870e+002	6.07134440e-001
1.57505003e+002	6.06917744e-001
1.57705137e+002	6.06701048e-001
1.57905270e+002	6.06484352e-001
1.58105404e+002	6.06267655e-001
1.58305537e+002	6.06050959e-001
1.58505670e+002	6.05834263e-001
1.58705804e+002	6.05617567e-001
1.58905937e+002	6.05400870e-001
1.59106071e+002	6.05184174e-001
1.59306204e+002	6.04967478e-001
1.59506338e+002	6.04750781e-001
1.59706471e+002	6.04534085e-001
1.59906604e+002	6.04317389e-001
1.60106738e+002	6.04100693e-001
1.60306871e+002	6.03883996e-001
1.60507005e+002	6.03667300e-001
1.60707138e+002	6.03450604e-001
1.60907272e+002	6.03233908e-001
1.61107405e+002	6.03017211e-001
1.61307538e+002	6.02800515e-001
1.61507672e+002	6.02583819e-001
1.61707805e+002	6.02367123e-001
1.61907939e+002	6.02150426e-001
1.62108072e+002	6.01933730e-001
1.62308205e+002	6.01717034e-001
1.62508339e+002	6.01500338e-001
1.62708472e+002	6.01283641e-001
1.62908606e+002	6.01066945e-001
1.63108739e+002	6.00850249e-001
1.63308873e+002	6.00633553e-001
1.63509006e+002	6.00416856e-001
1.63709139e+002	6.00200160e-001
1.63909273e+002	5.99983464e-001
1.64109406e+002	5.99766768e-001
1.64309540e+002	5.99550071e-001
1.64509673e+002	5.99333375e-001
1.64709807e+002	5.99116679e-001
1.64909940e+002	5.98899983e-001
1.65110073e+002	5.98683286e-001
1.65310207e+002	5.98466590e-001
1.65510340e+002	5.98249894e-001
1.65710474e+002	5.98033198e-001
1.65910607e+002	5.97816501e-001
1.66110740e+002	5.97599805e-001
1.66310874e+002	5.97383109e-001
1.66511007e+002	5.97166413e-001
1.66711141e+002	5.96949716e-001
1.66911274e+002	5.96733020e-001
1.67111408e+002	5.96516324e-001
1.67311541e+002	5.96299627e-001
1.67511674e+002	5.96082931e-001
1.67711808e+002	5.95866235e-001
1.67911941e+002	5.95649539e-001
1.68112075e+002	5.95432842e-001
1.68312208e+002	5.95216146e-001
1.68512342e+002	5.94999450e-001
1.68712475e+002	5.94603861e-001
1.68912608e+002	5.94057227e-001
1.69112742e+002	5.93510592e-001
1.69312875e+002	5.92963957e-001
1.69513009e+002	5.92417323e-001
1.69713142e+002	5.91870688e-001
1.69913276e+002	5.91324053e-001
1.70113409e+002	5.90777419e-001
1.70313542e+002	5.90230784e-001
1.70513676e+002	5.89684149e-001
1.70713809e+002	5.89137515e-001
1.70913943e+002	5.88590880e-001
1.71114076e+002	5.88044245e-001
1.71314209e+002	5.87497611e-001
1.71514343e+002	5.86950976e-001
1.71714476e+002	5.86404342e-001
1.71914610e+002	5.85857707e-001
1.72114743e+002	5.85311072e-001
1.72314877e+002	5.84764438e-001
1.72515010e+002	5.84217803e-001
1.72715143e+002	5.83671168e-001
1.72915277e+002	5.83124534e-001
1.73115410e+002	5.82577899e-001
1.73315544e+002	5.82031264e-001
1.73515677e+002	5.81484630e-001
1.73715811e+002	5.80937995e-001
1.73915944e+002	5.80391360e-001
1.74116077e+002	5.79844726e-001
1.74316211e+002	5.79298091e-001
1.74516344e+002	5.78751456e-001
1.74716478e+002	5.78204822e-001
1.74916611e+002	5.77658187e-001
1.75116744e+002	5.77111552e-001
1.75316878e+002	5.76564918e-001
1.75517011e+002	5.76018283e-001
1.75717145e+002	5.75471648e-001
1.75917278e+002	5.74925014e-001
1.76117412e+002	5.74378379e-001
1.76317545e+002	5.73831745e-001
1.76517678e+002	5.73285110e-001
1.76717812e+002	5.72738475e-001
1.76917945e+002	5.72191841e-001
1.77118079e+002	5.71645206e-001
1.77318212e+002	5.71098571e-001
1.77518346e+002	5.70551937e-001
1.77718479e+002	5.70005302e-001
1.77918612e+002	5.69458667e-001
1.78118746e+002	5.68912033e-001
1.78318879e+002	5.68365398e-001
1.78519013e+002	5.67818763e-001
1.78719146e+002	5.67272129e-001
1.78919280e+002	5.66725494e-001
1.79119413e+002	5.66178859e-001
1.79319546e+002	5.65632225e-001
1.79519680e+002	5.65085590e-001
1.79719813e+002	5.64538955e-001
1.79919947e+002	5.63992321e-001
1.80120080e+002	5.63445686e-001
1.80320213e+002	5.62899051e-001
1.80520347e+002	5.62352417e-001
1.80720480e+002	5.61805782e-001
1.80920614e+002	5.61259147e-001
1.81120747e+002	5.60712513e-001
1.81320881e+002	5.60165878e-001
1.81521014e+002	5.59619244e-001
1.81721147e+002	5.59072609e-001
1.81921281e+002	5.58525974e-001
1.82121414e+002	5.57979340e-001
1.82321548e+002	5.57432705e-001
1.82521681e+002	5.56886070e-001
1.82721815e+002	5.56048461e-001
1.82921948e+002	5.54643130e-001
1.83122081e+002	5.53237799e-001
1.83322215e+002	5.51832468e-001
1.83522348e+002	5.50427136e-001
1.83722482e+002	5.49021805e-001
1.83922615e+002	5.47616474e-001
1.84122748e+002	5.46211143e-001
1.84322882e+002	5.44805812e-001
1.84523015e+002	5.43400481e-001
1.84723149e+002	5.41995150e-001
1.84923282e+002	5.40589819e-001
1.85123416e+002	5.39184488e-001
1.85323549e+002	5.37779156e-001
1.85523682e+002	5.36373825e-001
1.85723816e+002	5.34968494e-001
1.85923949e+002	5.33563163e-001
1.86124083e+002	5.32157832e-001
1.86324216e+002	5.30752501e-001
1.86524350e+002	5.29347170e-001
1.86724483e+002	5.27941839e-001
1.86924616e+002	5.26536507e-001
1.87124750e+002	5.25131176e-001
1.87324883e+002	5.23725845e-001
1.87525017e+002	5.22320514e-001
1.87725150e+002	5.20915183e-001
1.87925284e+002	5.19509852e-001
1.88125417e+002	5.18104521e-001
1.88325550e+002	5.16699190e-001
1.88525684e+002	5.15293859e-001
1.88725817e+002	5.13888527e-001
1.88925951e+002	5.12483196e-001
1.89126084e+002	5.11077865e-001
1.89326217e+002	5.09672534e-001
1.89526351e+002	5.08267203e-001
1.89726484e+002	5.06861872e-001
1.89926618e+002	5.05456541e-001
1.90126751e+002	5.04051210e-001
1.90326885e+002	5.02645879e-001
1.90527018e+002	5.01240547e-001
1.90727151e+002	4.99835216e-001
1.90927285e+002	4.98429885e-001
1.91127418e+002	4.97024554e-001
1.91327552e+002	4.95619223e-001
1.91527685e+002	4.94213892e-001
1.91727819e+002	4.92808561e-001
1.91927952e+002	4.91403230e-001
1.92128085e+002	4.89997898e-001
1.92328219e+002	4.88592567e-001
1.92528352e+002	4.87187236e-001
1.92728486e+002	4.85781905e-001
1.92928619e+002	4.84376574e-001
1.93128753e+002	4.82971243e-001
1.93328886e+002	4.81565912e-001
1.93529019e+002	4.80160581e-001
1.93729153e+002	4.78755250e-001
1.93929286e+002	4.77349918e-001
1.94129420e+002	4.75944587e-001
1.94329553e+002	4.74539256e-001
1.94529686e+002	4.73133925e-001
1.94729820e+002	4.71728594e-001
1.94929953e+002	4.70323263e-001
1.95130087e+002	4.68917932e-001
1.95330220e+002	4.67512601e-001
1.95530354e+002	4.66107270e-001
1.95730487e+002	4.64701938e-001
1.95930620e+002	4.63296607e-001
1.96130754e+002	4.61891276e-001
1.96330887e+002	4.60485945e-001
1.96531021e+002	4.59080614e-001
1.96731154e+002	4.57584899e-001
1.96931288e+002	4.55557898e-001
1.97131421e+002	4.53530897e-001
1.97331554e+002	4.51503896e-001
1.97531688e+002	4.49476895e-001
1.97731821e+002	4.47449894e-001
1.97931955e+002	4.45422893e-001
1.98132088e+002	4.43395892e-001
1.98332221e+002	4.41368891e-001
1.98532355e+002	4.39341890e-001
1.98732488e+002	4.37314889e-001
1.98932622e+002	4.35287888e-001
1.99132755e+002	4.33260887e-001
1.99332889e+002	4.31233886e-001
1.99533022e+002	4.29206885e-001
1.99733155e+002	4.27179884e-001
1.99933289e+002	4.25152883e-001
2.00133422e+002	4.23125882e-001
2.00333556e+002	4.21098881e-001
2.00533689e+002	4.19071881e-001
2.00733823e+002	4.17044880e-001
2.00933956e+002	4.15017879e-001
2.01134089e+002	4.12990878e-001
2.01334223e+002	4.10963877e-001
2.01534356e+002	4.08936876e-001
2.01734490e+002	4.06909875e-001
2.01934623e+002	4.04882874e-001
2.02134757e+002	4.02855873e-001
2.02334890e+002	4.00828872e-001
2.02535023e+002	3.98801871e-001
2.02735157e+002	3.96774870e-001
2.02935290e+002	3.94747869e-001
2.03135424e+002	3.92720868e-001
2.03335557e+002	3.90693867e-001
2.03535690e+002	3.88666866e-001
2.03735824e+002	3.86639865e-001
2.03935957e+002	3.84612864e-001
2.04136091e+002	3.82585863e-001
2.04336224e+002	3.80558862e-001
2.04536358e+002	3.78531861e-001
2.04736491e+002	3.76504860e-001
2.04936624e+002	3.74477859e-001
2.05136758e+002	3.72450858e-001
2.05336891e+002	3.70423857e-001
2.05537025e+002	3.68396856e-001
2.05737158e+002	3.66369855e-001
2.05937292e+002	3.64342854e-001
2.06137425e+002	3.62315853e-001
2.06337558e+002	3.60288852e-001
2.06537692e+002	3.58261851e-001
2.06737825e+002	3.56234850e-001
2.06937959e+002	3.54207849e-001
2.07138092e+002	3.52180849e-001
2.07338225e+002	3.50153848e-001
2.07538359e+002	3.48126847e-001
2.07738492e+002	3.46099846e-001
2.07938626e+002	3.44072845e-001
2.08138759e+002	3.42045844e-001
2.08338893e+002	3.40018843e-001
2.08539026e+002	3.37991842e-001
2.08739159e+002	3.35964841e-001
2.08939293e+002	3.33937840e-001
2.09139426e+002	3.31910839e-001
2.09339560e+002	3.29883838e-001
2.09539693e+002	3.27856837e-001
2.09739827e+002	3.25829836e-001
2.09939960e+002	3.23802835e-001
2.10140093e+002	3.21775834e-001
2.10340227e+002	3.19748833e-001
2.10540360e+002	3.17721832e-001
2.10740494e+002	3.15694831e-001
2.10940627e+002	3.13582828e-001
2.11140761e+002	3.11481338e-001
2.11340894e+002	3.09379848e-001
2.11541027e+002	3.07278358e-001
2.11741161e+002	3.05176867e-001
2.11941294e+002	3.03075377e-001
2.12141428e+002	3.00973887e-001
2.12341561e+002	2.98872397e-001
2.12541694e+002	2.96770906e-001
2.12741828e+002	2.94669416e-001
2.12941961e+002	2.92567926e-001
2.13142095e+002	2.90466436e-001
2.13342228e+002	2.88364945e-001
2.13542362e+002	2.86263455e-001
2.13742495e+002	2.84161965e-001
2.13942628e+002	2.82060475e-001
2.14142762e+002	2.79958984e-001
2.14342895e+002	2.77857494e-001
2.14543029e+002	2.75756004e-001
2.14743162e+002	2.73654513e-001
2.14943296e+002	2.71553023e-001
2.15143429e+002	2.69451533e-001
2.15343562e+002	2.67350043e-001
2.15543696e+002	2.65248552e-001
2.15743829e+002	2.63147062e-001
2.15943963e+002	2.61045572e-001
2.16144096e+002	2.58944082e-001
2.16344229e+002	2.56842591e-001
2.16544363e+002	2.54741101e-001
2.16744496e+002	2.52639611e-001
2.16944630e+002	2.50538121e-001
2.17144763e+002	2.48436630e-001
2.17344897e+002	2.46335140e-001
2.17545030e+002	2.44233650e-001
2.17745163e+002	2.42132159e-001
2.17945297e+002	2.40196178e-001
2.18145430e+002	2.38302038e-001
2.18345564e+002	2.36407899e-001
2.18545697e+002	2.34513759e-001
2.18745831e+002	2.32619620e-001
2.18945964e+002	2.30725480e-001
2.19146097e+002	2.28831341e-001
2.19346231e+002	2.26937202e-001
2.19546364e+002	2.25043062e-001
2.19746498e+002	2.23148923e-001
2.19946631e+002	2.21254783e-001
2.20146765e+002	2.19360644e-001
2.20346898e+002	2.17466505e-001
2.20547031e+002	2.15572365e-001
2.20747165e+002	2.13678226e-001
2.20947298e+002	2.11784086e-001
2.21147432e+002	2.09889947e-001
2.21347565e+002	2.07995807e-001
2.21547698e+002	2.06101668e-001
2.21747832e+002	2.04207529e-001
2.21947965e+002	2.02313389e-001
2.22148099e+002	2.00419250e-001
2.22348232e+002	1.98525110e-001
2.22548366e+002	1.96630971e-001
2.22748499e+002	1.94736832e-001
2.22948632e+002	1.92842692e-001
2.23148766e+002	1.90948553e-001
2.23348899e+002	1.89054413e-001
2.23549033e+002	1.87160274e-001
2.23749166e+002	1.85266135e-001
2.23949300e+002	1.83371995e-001
2.24149433e+002	1.81477856e-001
2.24349566e+002	1.79583716e-001
2.24549700e+002	1.77689577e-001
2.24749833e+002	1.75795437e-001
2.24949967e+002	1.74392019e-001
2.25150100e+002	1.73166374e-001
2.25350233e+002	1.71940728e-001
2.25550367e+002	1.70715083e-001
2.25750500e+002	1.69489437e-001
2.25950634e+002	1.68263792e-001
2.26150767e+002	1.67038146e-001
2.26350901e+002	1.65812501e-001
2.26551034e+002	1.64586855e-001
2.26751167e+002	1.63361210e-001
2.26951301e+002	1.62135564e-001
2.27151434e+002	1.60909919e-001
2.27351568e+002	1.59684273e-001
2.27551701e+002	1.58458628e-001
2.27751835e+002	1.57232982e-001
2.27951968e+002	1.56007337e-001
2.28152101e+002	1.54781691e-001
2.28352235e+002	1.53556045e-001
2.28552368e+002	1.52330400e-001
2.28752502e+002	1.51104754e-001
2.28952635e+002	1.49879109e-001
2.29152769e+002	1.48653463e-001
2.29352902e+002	1.47427818e-001
2.29553035e+002	1.46202172e-001
2.29753169e+002	1.44976527e-001
2.29953302e+002	1.43750881e-001
2.30153436e+002	1.42525236e-001
2.30353569e+002	1.41299590e-001
2.30553702e+002	1.40073945e-001
2.30753836e+002	1.38848299e-001
2.30953969e+002	1.37622654e-001
2.31154103e+002	1.36397008e-001
2.31354236e+002	1.35171363e-001
2.31554370e+002	1.33945717e-001
2.31754503e+002	1.32720072e-001
2.31954636e+002	1.31494426e-001
2.32154770e+002	1.30268781e-001
2.32354903e+002	1.29043135e-001
2.32555037e+002	1.27817490e-001
2.32755170e+002	1.26591844e-001
2.32955304e+002	1.25366199e-001
2.33155437e+002	1.24140553e-001
2.33355570e+002	1.22914908e-001
2.33555704e+002	1.21689262e-001
2.33755837e+002	1.20463617e-001
2.33955971e+002	1.19237971e-001
2.34156104e+002	1.18012326e-001
2.34356237e+002	1.16786680e-001
2.34556371e+002	1.15561035e-001
2.34756504e+002	1.14335389e-001
2.34956638e+002	1.13109744e-001
2.35156771e+002	1.11884098e-001
2.35356905e+002	1.10658453e-001
2.35557038e+002	1.09432807e-001
2.35757171e+002	1.08207162e-001
2.35957305e+002	1.06981516e-001
2.36157438e+002	1.05755871e-001
2.36357572e+002	1.04530225e-001
2.36557705e+002	1.03304580e-001
2.36757839e+002	1.02078934e-001
2.36957972e+002	1.00853288e-001
2.37158105e+002	9.96276430e-002
2.37358239e+002	9.84019975e-002
2.37558372e+002	9.71763520e-002
2.37758506e+002	9.59507065e-002
2.37958639e+002	9.47250609e-002
2.38158773e+002	9.34994154e-002
2.38358906e+002	9.22737699e-002
2.38559039e+002	9.10481244e-002
2.38759173e+002	8.98224789e-002
2.38959306e+002	8.89312754e-002
2.39159440e+002	8.83265447e-002
2.39359573e+002	8.77218139e-002
2.39559706e+002	8.71170832e-002
2.39759840e+002	8.65123524e-002
2.39959973e+002	8.59076217e-002
2.40160107e+002	8.53028909e-002
2.40360240e+002	8.46981602e-002
2.40560374e+002	8.40934294e-002
2.40760507e+002	8.34886987e-002
2.40960640e+002	8.28839679e-002
2.41160774e+002	8.22792372e-002
2.41360907e+002	8.16745064e-002
2.41561041e+002	8.10697756e-002
2.41761174e+002	8.04650449e-002
2.41961308e+002	7.98603141e-002
2.42161441e+002	7.92555834e-002
2.42361574e+002	7.86508526e-002
2.42561708e+002	7.80461219e-002
2.42761841e+002	7.74413911e-002
2.42961975e+002	7.68366604e-002
2.43162108e+002	7.62319296e-002
2.43362241e+002	7.56271989e-002
2.43562375e+002	7.50224681e-002
2.43762508e+002	7.44177373e-002
2.43962642e+002	7.38130066e-002
2.44162775e+002	7.32082758e-002
2.44362909e+002	7.26035451e-002
2.44563042e+002	7.19988143e-002
2.44763175e+002	7.13940836e-002
2.44963309e+002	7.07893528e-002
2.45163442e+002	7.01846221e-002
2.45363576e+002	6.95798913e-002
2.45563709e+002	6.89751606e-002
2.45763843e+002	6.83704298e-002
2.45963976e+002	6.77656990e-002
2.46164109e+002	6.71609683e-002
2.46364243e+002	6.65562375e-002
2.46564376e+002	6.59515068e-002
2.46764510e+002	6.53467760e-002
2.46964643e+002	6.47420453e-002
2.47164777e+002	6.41373145e-002
2.47364910e+002	6.35325838e-002
2.47565043e+002	6.29278530e-002
2.47765177e+002	6.23231223e-002
2.47965310e+002	6.17183915e-002
2.48165444e+002	6.11136608e-002
2.48365577e+002	6.05089300e-002
2.48565710e+002	5.99041992e-002
2.48765844e+002	5.92994685e-002
2.48965977e+002	5.86947377e-002
2.49166111e+002	5.80900070e-002
2.49366244e+002	5.74852762e-002
2.49566378e+002	5.68805455e-002
2.49766511e+002	5.62758147e-002
2.49966644e+002	5.56710840e-002
2.50166778e+002	5.50663532e-002
2.50366911e+002	5.44616225e-002
2.50567045e+002	5.38568917e-002
2.50767178e+002	5.32521609e-002
2.50967312e+002	5.26474302e-002
2.51167445e+002	5.20426994e-002
2.51367578e+002	5.14379687e-002
2.51567712e+002	5.08332379e-002
2.51767845e+002	5.02285072e-002
2.51967979e+002	4.96237764e-002
2.52168112e+002	4.90190457e-002
2.52368245e+002	4.84143149e-002
2.52568379e+002	4.78095842e-002
2.52768512e+002	4.72048534e-002
2.52968646e+002	4.67212681e-002
2.53168779e+002	4.64679072e-002
2.53368913e+002	4.62145463e-002
2.53569046e+002	4.59611854e-002
2.53769179e+002	4.57078244e-002
2.53969313e+002	4.54544635e-002
2.54169446e+002	4.52011026e-002
2.54369580e+002	4.49477417e-002
2.54569713e+002	4.46943808e-002
2.54769847e+002	4.44410198e-002
2.54969980e+002	4.41876589e-002
2.55170113e+002	4.39342980e-002
2.55370247e+002	4.36809371e-002
2.55570380e+002	4.34275762e-002
2.55770514e+002	4.31742152e-002
2.55970647e+002	4.29208543e-002
2.56170781e+002	4.26674934e-002
2.56370914e+002	4.24141325e-002
2.56571047e+002	4.21607716e-002
2.56771181e+002	4.19074106e-002
2.56971314e+002	4.16540497e-002
2.57171448e+002	4.14006888e-002
2.57371581e+002	4.11473279e-002
2.57571714e+002	4.08939670e-002
2.57771848e+002	4.06406060e-002
2.57971981e+002	4.03872451e-002
2.58172115e+002	4.01338842e-002
2.58372248e+002	3.98805233e-002
2.58572382e+002	3.96271624e-002
2.58772515e+002	3.93738014e-002
2.58972648e+002	3.91204405e-002
2.59172782e+002	3.88670796e-002
2.59372915e+002	3.86137187e-002
2.59573049e+002	3.83603578e-002
2.59773182e+002	3.81069968e-002
2.59973316e+002	3.78536359e-002
2.60173449e+002	3.76002750e-002
2.60373582e+002	3.73469141e-002
2.60573716e+002	3.70935532e-002
2.60773849e+002	3.68401922e-002
2.60973983e+002	3.65868313e-002
2.61174116e+002	3.63334704e-002
2.61374249e+002	3.60801095e-002
2.61574383e+002	3.58267486e-002
2.61774516e+002	3.55733876e-002
2.61974650e+002	3.53200267e-002
2.62174783e+002	3.50666658e-002
2.62374917e+002	3.48133049e-002
2.62575050e+002	3.45599440e-002
2.62775183e+002	3.43065830e-002
2.62975317e+002	3.40532221e-002
2.63175450e+002	3.37998612e-002
2.63375584e+002	3.35465003e-002
2.63575717e+002	3.32931394e-002
2.63775851e+002	3.30397784e-002
2.63975984e+002	3.27864175e-002
2.64176117e+002	3.25330566e-002
2.64376251e+002	3.22796957e-002
2.64576384e+002	3.20263348e-002
2.64776518e+002	3.17729738e-002
2.64976651e+002	3.15196129e-002
2.65176785e+002	3.12662520e-002
2.65376918e+002	3.10128911e-002
2.65577051e+002	3.07595302e-002
2.65777185e+002	3.05061692e-002
2.65977318e+002	3.02528083e-002
2.66177452e+002	2.99994474e-002
2.66377585e+002	2.97460865e-002
2.66577718e+002	2.94927256e-002
2.66777852e+002	2.92393646e-002
2.66977985e+002	2.90025481e-002
2.67178119e+002	2.88558163e-002
2.67378252e+002	2.87090845e-002
2.67578386e+002	2.85623527e-002
2.67778519e+002	2.84156209e-002
2.67978652e+002	2.82688891e-002
2.68178786e+002	2.81221573e-002
2.68378919e+002	2.79754255e-002
2.68579053e+002	2.78286937e-002
2.68779186e+002	2.76819619e-002
2.68979320e+002	2.75352301e-002
2.69179453e+002	2.73884983e-002
2.69379586e+002	2.72417665e-002
2.69579720e+002	2.70950346e-002
2.69779853e+002	2.69483028e-002
2.69979987e+002	2.68015710e-002
2.70180120e+002	2.66548392e-002
2.70380254e+002	2.65081074e-002
2.70580387e+002	2.63613756e-002
2.70780520e+002	2.62146438e-002
2.70980654e+002	2.60679120e-002
2.71180787e+002	2.59211802e-002
2.71380921e+002	2.57744484e-002
2.71581054e+002	2.56277166e-002
2.71781187e+002	2.54809848e-002
2.71981321e+002	2.53342530e-002
2.72181454e+002	2.51875211e-002
2.72381588e+002	2.50407893e-002
2.72581721e+002	2.48940575e-002
2.72781855e+002	2.47473257e-002
2.72981988e+002	2.46005939e-002
2.73182121e+002	2.44538621e-002
2.73382255e+002	2.43071303e-002
2.73582388e+002	2.41603985e-002
2.73782522e+002	2.40136667e-002
2.73982655e+002	2.38669349e-002
2.74182789e+002	2.37202031e-002
2.74382922e+002	2.35734713e-002
2.74583055e+002	2.34267394e-002
2.74783189e+002	2.32800076e-002
2.74983322e+002	2.31332758e-002
2.75183456e+002	2.29865440e-002
2.75383589e+002	2.28398122e-002
2.75583722e+002	2.26930804e-002
2.75783856e+002	2.25463486e-002
2.75983989e+002	2.23996168e-002
2.76184123e+002	2.22528850e-002
2.76384256e+002	2.21061532e-002
2.76584390e+002	2.19594214e-002
2.76784523e+002	2.18126896e-002
2.76984656e+002	2.16659578e-002
2.77184790e+002	2.15192259e-002
2.77384923e+002	2.13724941e-002
2.77585057e+002	2.12257623e-002
2.77785190e+002	2.10790305e-002
2.77985324e+002	2.09322987e-002
2.78185457e+002	2.07855669e-002
2.78385590e+002	2.06388351e-002
2.78585724e+002	2.04921033e-002
2.78785857e+002	2.03453715e-002
2.78985991e+002	2.01986397e-002
2.79186124e+002	2.00519079e-002
2.79386258e+002	1.99051761e-002
2.79586391e+002	1.97584442e-002
2.79786524e+002	1.96117124e-002
2.79986658e+002	1.94649806e-002
2.80186791e+002	1.93182488e-002
2.80386925e+002	1.91715170e-002
2.80587058e+002	1.90247852e-002
2.80787191e+002	1.88780534e-002
2.80987325e+002	1.87313216e-002
2.81187458e+002	1.86697658e-002
2.81387592e+002	1.86155998e-002
2.81587725e+002	1.85614339e-002
2.81787859e+002	1.85072679e-002
2.81987992e+002	1.84531019e-002
2.82188125e+002	1.83989359e-002
2.82388259e+002	1.83447700e-002
2.82588392e+002	1.82906040e-002
2.82788526e+002	1.82364380e-002
2.82988659e+002	1.81822720e-002
2.83188793e+002	1.81281061e-002
2.83388926e+002	1.80739401e-002
2.83589059e+002	1.80197741e-002
2.83789193e+002	1.79656081e-002
2.83989326e+002	1.79114422e-002
2.84189460e+002	1.78572762e-002
2.84389593e+002	1.78031102e-002
2.84589726e+002	1.77489443e-002
2.84789860e+002	1.76947783e-002
2.84989993e+002	1.76406123e-002
2.85190127e+002	1.75864463e-002
2.85390260e+002	1.75322804e-002
2.85590394e+002	1.74781144e-002
2.85790527e+002	1.74239484e-002
2.85990660e+002	1.73697824e-002
2.86190794e+002	1.73156165e-002
2.86390927e+002	1.72614505e-002
2.86591061e+002	1.72072845e-002
2.86791194e+002	1.71531185e-002
2.86991328e+002	1.70989526e-002
2.87191461e+002	1.70447866e-002
2.87391594e+002	1.69906206e-002
2.87591728e+002	1.69364546e-002
2.87791861e+002	1.68822887e-002
2.87991995e+002	1.68281227e-002
2.88192128e+002	1.67739567e-002
2.88392262e+002	1.67197907e-002
2.88592395e+002	1.66656248e-002
2.88792528e+002	1.66114588e-002
2.88992662e+002	1.65572928e-002
2.89192795e+002	1.65031269e-002
2.89392929e+002	1.64489609e-002
2.89593062e+002	1.63947949e-002
2.89793195e+002	1.63406289e-002
2.89993329e+002	1.62864630e-002
2.90193462e+002	1.62322970e-002
2.90393596e+002	1.61781310e-002
2.90593729e+002	1.61239650e-002
2.90793863e+002	1.60697991e-002
2.90993996e+002	1.60156331e-002
2.91194129e+002	1.59614671e-002
2.91394263e+002	1.59073011e-002
2.91594396e+002	1.58531352e-002
2.91794530e+002	1.57989692e-002
2.91994663e+002	1.57448032e-002
2.92194797e+002	1.56906372e-002
2.92394930e+002	1.56364713e-002
2.92595063e+002	1.55823053e-002
2.92795197e+002	1.55281393e-002
2.92995330e+002	1.54739733e-002
2.93195464e+002	1.54198074e-002
2.93395597e+002	1.53656414e-002
2.93595730e+002	1.53114754e-002
2.93795864e+002	1.52573095e-002
2.93995997e+002	1.52031435e-002
2.94196131e+002	1.51489775e-002
2.94396264e+002	1.50948115e-002
2.94596398e+002	1.50406456e-002
2.94796531e+002	1.49864796e-002
2.94996664e+002	1.49323136e-002
2.95196798e+002	1.48903877e-002
2.95396931e+002	1.48532601e-002
2.95597065e+002	1.48161326e-002
2.95797198e+002	1.47790051e-002
2.95997332e+002	1.47418776e-002
2.96197465e+002	1.47047501e-002
2.96397598e+002	1.46676226e-002
2.96597732e+002	1.46304951e-002
2.96797865e+002	1.45933676e-002
2.96997999e+002	1.45562401e-002
2.97198132e+002	1.45191126e-002
2.97398266e+002	1.44819851e-002
2.97598399e+002	1.44448576e-002
2.97798532e+002	1.44077300e-002
2.97998666e+002	1.43706025e-002
2.98198799e+002	1.43334750e-002
2.98398933e+002	1.42963475e-002
2.98599066e+002	1.42592200e-002
2.98799199e+002	1.42220925e-002
2.98999333e+002	1.41849650e-002
2.99199466e+002	1.41478375e-002
2.99399600e+002	1.41107100e-002
2.99599733e+002	1.40735825e-002
2.99799867e+002	1.40364550e-002
3.00000000e+002	1.39993274e-002
