0.00000000e+000	4.74418921e-001	
2.66844563e-001	4.76675490e-001
5.33689126e-001	4.78932060e-001
8.00533689e-001	4.81188629e-001
1.06737825e+000	4.83445199e-001
1.33422282e+000	4.85701768e-001
1.60106738e+000	4.87958338e-001
1.86791194e+000	4.90214907e-001
2.13475650e+000	4.92471476e-001
2.40160107e+000	4.94728046e-001
2.66844563e+000	4.96984615e-001
2.93529019e+000	4.99241185e-001
3.20213476e+000	5.01497754e-001
3.46897932e+000	5.03754323e-001
3.73582388e+000	5.06010893e-001
4.00266845e+000	5.08267462e-001
4.26951301e+000	5.10524032e-001
4.53635757e+000	5.12780601e-001
4.80320213e+000	5.15037170e-001
5.07004670e+000	5.17469661e-001
5.33689126e+000	5.19947755e-001
5.60373582e+000	5.22425849e-001
5.87058039e+000	5.24903943e-001
6.13742495e+000	5.27382038e-001
6.40426951e+000	5.29860132e-001
6.67111408e+000	5.32338226e-001
6.93795864e+000	5.34266783e-001
7.20480320e+000	5.35205068e-001
7.47164777e+000	5.36143353e-001
7.73849233e+000	5.37081639e-001
8.00533689e+000	5.37865803e-001
8.27218145e+000	5.38542776e-001
8.53902602e+000	5.39219748e-001
8.80587058e+000	5.39896721e-001
9.07271514e+000	5.40573693e-001
9.33955971e+000	5.41250666e-001
9.60640427e+000	5.41927638e-001
9.87324883e+000	5.42604611e-001
1.01400934e+001	5.43281583e-001
1.04069380e+001	5.44191930e-001
1.06737825e+001	5.45227002e-001
1.09406271e+001	5.46262074e-001
1.12074716e+001	5.47297146e-001
1.14743162e+001	5.48332218e-001
1.17411608e+001	5.49367291e-001
1.20080053e+001	5.50402363e-001
1.22748499e+001	5.51437435e-001
1.25416945e+001	5.52472507e-001
1.28085390e+001	5.53507579e-001
1.30753836e+001	5.54542651e-001
1.33422282e+001	5.55577723e-001
1.36090727e+001	5.56612795e-001
1.38759173e+001	5.57647867e-001
1.41427618e+001	5.58682939e-001
1.44096064e+001	5.59718011e-001
1.46764510e+001	5.60753083e-001
1.49432955e+001	5.61788155e-001
1.52101401e+001	5.62823227e-001
1.54769847e+001	5.63858299e-001
1.57438292e+001	5.64893372e-001
1.60106738e+001	5.65928444e-001
1.62775183e+001	5.66963516e-001
1.65443629e+001	5.67998588e-001
1.68112075e+001	5.69033660e-001
1.70780520e+001	5.70068732e-001
1.73448966e+001	5.71103804e-001
1.76117412e+001	5.72138876e-001
1.78785857e+001	5.73173948e-001
1.81454303e+001	5.74209020e-001
1.84122748e+001	5.75244092e-001
1.86791194e+001	5.76279164e-001
1.89459640e+001	5.77314236e-001
1.92128085e+001	5.78349308e-001
1.94796531e+001	5.79384380e-001
1.97464977e+001	5.80419453e-001
2.00133422e+001	5.81454525e-001
2.02801868e+001	5.82489597e-001
2.05470314e+001	5.83524669e-001
2.08138759e+001	5.84559741e-001
2.10807205e+001	5.85594813e-001
2.13475650e+001	5.86629885e-001
2.16144096e+001	5.87331790e-001
2.18812542e+001	5.87585573e-001
2.21480987e+001	5.87839355e-001
2.24149433e+001	5.88093138e-001
2.26817879e+001	5.88346920e-001
2.29486324e+001	5.88600703e-001
2.32154770e+001	5.88854485e-001
2.34823215e+001	5.89108268e-001
2.37491661e+001	5.89362050e-001
2.40160107e+001	5.89615833e-001
2.42828552e+001	5.89869615e-001
2.45496998e+001	5.90123398e-001
2.48165444e+001	5.90377180e-001
2.50833889e+001	5.90630963e-001
2.53502335e+001	5.90884745e-001
2.56170781e+001	5.91138528e-001
2.58839226e+001	5.91392311e-001
2.61507672e+001	5.91646093e-001
2.64176117e+001	5.91899876e-001
2.66844563e+001	5.92153658e-001
2.69513009e+001	5.92407441e-001
2.72181454e+001	5.92661223e-001
2.74849900e+001	5.92915006e-001
2.77518346e+001	5.93168788e-001
2.80186791e+001	5.93422571e-001
2.82855237e+001	5.93676353e-001
2.85523682e+001	5.93930136e-001
2.88192128e+001	5.94183918e-001
2.90860574e+001	5.94437701e-001
2.93529019e+001	5.94691483e-001
2.96197465e+001	5.94945266e-001
2.98865911e+001	5.95199048e-001
3.01534356e+001	5.95452831e-001
3.04202802e+001	5.95706614e-001
3.06871247e+001	5.95960396e-001
3.09539693e+001	5.96214179e-001
3.12208139e+001	5.96467961e-001
3.14876584e+001	5.96721744e-001
3.17545030e+001	5.96975526e-001
3.20213476e+001	5.97229309e-001
3.22881921e+001	5.97483091e-001
3.25550367e+001	5.97736874e-001
3.28218813e+001	5.97990656e-001
3.30887258e+001	5.98244439e-001
3.33555704e+001	5.98498221e-001
3.36224149e+001	5.98752004e-001
3.38892595e+001	5.99005786e-001
3.41561041e+001	5.99259569e-001
3.44229486e+001	5.99513351e-001
3.46897932e+001	5.99767134e-001
3.49566378e+001	6.00020916e-001
3.52234823e+001	6.00274699e-001
3.54903269e+001	6.00528482e-001
3.57571714e+001	6.00782264e-001
3.60240160e+001	6.01036047e-001
3.62908606e+001	6.01289829e-001
3.65577051e+001	6.01543612e-001
3.68245497e+001	6.01797394e-001
3.70913943e+001	6.02051177e-001
3.73582388e+001	6.02304959e-001
3.76250834e+001	6.02558742e-001
3.78919280e+001	6.02812524e-001
3.81587725e+001	6.03066307e-001
3.84256171e+001	6.03320089e-001
3.86924616e+001	6.03573872e-001
3.89593062e+001	6.03827654e-001
3.92261508e+001	6.04081437e-001
3.94929953e+001	6.04335219e-001
3.97598399e+001	6.04853273e-001
4.00266845e+001	6.05426684e-001
4.02935290e+001	6.06000096e-001
4.05603736e+001	6.06573508e-001
4.08272181e+001	6.07146919e-001
4.10940627e+001	6.07720331e-001
4.13609073e+001	6.08293742e-001
4.16277518e+001	6.08867154e-001
4.18945964e+001	6.09440566e-001
4.21614410e+001	6.10013977e-001
4.24282855e+001	6.10556406e-001
4.26951301e+001	6.10876381e-001
4.29619746e+001	6.11196356e-001
4.32288192e+001	6.11516331e-001
4.34956638e+001	6.11836306e-001
4.37625083e+001	6.12156281e-001
4.40293529e+001	6.12476256e-001
4.42961975e+001	6.12710534e-001
4.45630420e+001	6.12805362e-001
4.48298866e+001	6.12900190e-001
4.50967312e+001	6.12995019e-001
4.53635757e+001	6.13089847e-001
4.56304203e+001	6.13184676e-001
4.58972648e+001	6.13279504e-001
4.61641094e+001	6.13374332e-001
4.64309540e+001	6.13469161e-001
4.66977985e+001	6.13563989e-001
4.69646431e+001	6.13658818e-001
4.72314877e+001	6.13753646e-001
4.74983322e+001	6.13866690e-001
4.77651768e+001	6.13979753e-001
4.80320213e+001	6.14092816e-001
4.82988659e+001	6.14205879e-001
4.85657105e+001	6.14318942e-001
4.88325550e+001	6.14432005e-001
4.90993996e+001	6.14545068e-001
4.93662442e+001	6.14658131e-001
4.96330887e+001	6.14771193e-001
4.98999333e+001	6.14884256e-001
5.01667779e+001	6.14997319e-001
5.04336224e+001	6.15110382e-001
5.07004670e+001	6.15223445e-001
5.09673115e+001	6.15336508e-001
5.12341561e+001	6.15449571e-001
5.15010007e+001	6.15562634e-001
5.17678452e+001	6.15675696e-001
5.20346898e+001	6.15788759e-001
5.23015344e+001	6.15901822e-001
5.25683789e+001	6.16014885e-001
5.28352235e+001	6.16127948e-001
5.31020680e+001	6.16241011e-001
5.33689126e+001	6.16354074e-001
5.36357572e+001	6.16467137e-001
5.39026017e+001	6.16580199e-001
5.41694463e+001	6.16693262e-001
5.44362909e+001	6.16806325e-001
5.47031354e+001	6.16919388e-001
5.49699800e+001	6.17032451e-001
5.52368245e+001	6.17145514e-001
5.55036691e+001	6.17258577e-001
5.57705137e+001	6.17371640e-001
5.60373582e+001	6.17484702e-001
5.63042028e+001	6.17597765e-001
5.65710474e+001	6.17710828e-001
5.68378919e+001	6.17823891e-001
5.71047365e+001	6.17936954e-001
5.73715811e+001	6.18050017e-001
5.76384256e+001	6.18163080e-001
5.79052702e+001	6.18276143e-001
5.81721147e+001	6.18389205e-001
5.84389593e+001	6.18502268e-001
5.87058039e+001	6.18615331e-001
5.89726484e+001	6.18728394e-001
5.92394930e+001	6.18841457e-001
5.95063376e+001	6.18954520e-001
5.97731821e+001	6.19003915e-001
6.00400267e+001	6.19022868e-001
6.03068712e+001	6.19041822e-001
6.05737158e+001	6.19060776e-001
6.08405604e+001	6.19079730e-001
6.11074049e+001	6.19098684e-001
6.13742495e+001	6.19117638e-001
6.16410941e+001	6.19136591e-001
6.19079386e+001	6.19155545e-001
6.21747832e+001	6.19174499e-001
6.24416278e+001	6.19193453e-001
6.27084723e+001	6.19212407e-001
6.29753169e+001	6.19231361e-001
6.32421614e+001	6.19250315e-001
6.35090060e+001	6.19269268e-001
6.37758506e+001	6.19288222e-001
6.40426951e+001	6.19307176e-001
6.43095397e+001	6.19326130e-001
6.45763843e+001	6.19348085e-001
6.48432288e+001	6.19375044e-001
6.51100734e+001	6.19402004e-001
6.53769179e+001	6.19428963e-001
6.56437625e+001	6.19455922e-001
6.59106071e+001	6.19482881e-001
6.61774516e+001	6.19509840e-001
6.64442962e+001	6.19536799e-001
6.67111408e+001	6.19563759e-001
6.69779853e+001	6.19590718e-001
6.72448299e+001	6.19617677e-001
6.75116744e+001	6.19644636e-001
6.77785190e+001	6.19671595e-001
6.80453636e+001	6.19698554e-001
6.83122081e+001	6.19725514e-001
6.85790527e+001	6.19752473e-001
6.88458973e+001	6.19779432e-001
6.91127418e+001	6.19806391e-001
6.93795864e+001	6.19833350e-001
6.96464310e+001	6.19860309e-001
6.99132755e+001	6.19887269e-001
7.01801201e+001	6.19914228e-001
7.04469646e+001	6.19941187e-001
7.07138092e+001	6.19968146e-001
7.09806538e+001	6.19995105e-001
7.12474983e+001	6.20022064e-001
7.15143429e+001	6.20049024e-001
7.17811875e+001	6.20075983e-001
7.20480320e+001	6.20102942e-001
7.23148766e+001	6.20129901e-001
7.25817211e+001	6.20156860e-001
7.28485657e+001	6.20183820e-001
7.31154103e+001	6.20204098e-001
7.33822548e+001	6.20195490e-001
7.36490994e+001	6.20186883e-001
7.39159440e+001	6.20178276e-001
7.41827885e+001	6.20169669e-001
7.44496331e+001	6.20161061e-001
7.47164777e+001	6.20152454e-001
7.49833222e+001	6.20143847e-001
7.52501668e+001	6.20135240e-001
7.55170113e+001	6.20126633e-001
7.57838559e+001	6.20118025e-001
7.60507005e+001	6.20109418e-001
7.63175450e+001	6.20100811e-001
7.65843896e+001	6.20092204e-001
7.68512342e+001	6.20083596e-001
7.71180787e+001	6.20074989e-001
7.73849233e+001	6.20066382e-001
7.76517678e+001	6.20057775e-001
7.79186124e+001	6.20049168e-001
7.81854570e+001	6.20040560e-001
7.84523015e+001	6.20031953e-001
7.87191461e+001	6.20023346e-001
7.89859907e+001	6.20014739e-001
7.92528352e+001	6.20006131e-001
7.95196798e+001	6.19997524e-001
7.97865243e+001	6.19988917e-001
8.00533689e+001	6.19980310e-001
8.03202135e+001	6.19971702e-001
8.05870580e+001	6.19963095e-001
8.08539026e+001	6.19954488e-001
8.11207472e+001	6.19945881e-001
8.13875917e+001	6.19937274e-001
8.16544363e+001	6.19928666e-001
8.19212809e+001	6.19920059e-001
8.21881254e+001	6.19911452e-001
8.24549700e+001	6.19902845e-001
8.27218145e+001	6.19894237e-001
8.29886591e+001	6.19885630e-001
8.32555037e+001	6.19879420e-001
8.35223482e+001	6.19874996e-001
8.37891928e+001	6.19870571e-001
8.40560374e+001	6.19866146e-001
8.43228819e+001	6.19861722e-001
8.45897265e+001	6.19857297e-001
8.48565710e+001	6.19852872e-001
8.51234156e+001	6.19848448e-001
8.53902602e+001	6.19844023e-001
8.56571047e+001	6.19839598e-001
8.59239493e+001	6.19835174e-001
8.61907939e+001	6.19830749e-001
8.64576384e+001	6.19826324e-001
8.67244830e+001	6.19821900e-001
8.69913276e+001	6.19817475e-001
8.72581721e+001	6.19813050e-001
8.75250167e+001	6.19808626e-001
8.77918612e+001	6.19804201e-001
8.80587058e+001	6.19799776e-001
8.83255504e+001	6.19795352e-001
8.85923949e+001	6.19790927e-001
8.88592395e+001	6.19786502e-001
8.91260841e+001	6.19782078e-001
8.93929286e+001	6.19777653e-001
8.96597732e+001	6.19773228e-001
8.99266177e+001	6.19768804e-001
9.01934623e+001	6.19764379e-001
9.04603069e+001	6.19759954e-001
9.07271514e+001	6.19755530e-001
9.09939960e+001	6.19751105e-001
9.12608406e+001	6.19746680e-001
9.15276851e+001	6.19742256e-001
9.17945297e+001	6.19737831e-001
9.20613742e+001	6.19733406e-001
9.23282188e+001	6.19728982e-001
9.25950634e+001	6.19715916e-001
9.28619079e+001	6.19698702e-001
9.31287525e+001	6.19681488e-001
9.33955971e+001	6.19664275e-001
9.36624416e+001	6.19647061e-001
9.39292862e+001	6.19629847e-001
9.41961308e+001	6.19612634e-001
9.44629753e+001	6.19595420e-001
9.47298199e+001	6.19578206e-001
9.49966644e+001	6.19560992e-001
9.52635090e+001	6.19543779e-001
9.55303536e+001	6.19526565e-001
9.57971981e+001	6.19509351e-001
9.60640427e+001	6.19492137e-001
9.63308873e+001	6.19474924e-001
9.65977318e+001	6.19457710e-001
9.68645764e+001	6.19440496e-001
9.71314209e+001	6.19423282e-001
9.73982655e+001	6.19406069e-001
9.76651101e+001	6.19388855e-001
9.79319546e+001	6.19371641e-001
9.81987992e+001	6.19354427e-001
9.84656438e+001	6.19337214e-001
9.87324883e+001	6.19321067e-001
9.89993329e+001	6.19304922e-001
9.92661775e+001	6.19288778e-001
9.95330220e+001	6.19272634e-001
9.97998666e+001	6.19256489e-001
1.00066711e+002	6.19240345e-001
1.00333556e+002	6.19224200e-001
1.00600400e+002	6.19208056e-001
1.00867245e+002	6.19191912e-001
1.01134089e+002	6.19175767e-001
1.01400934e+002	6.19159623e-001
1.01667779e+002	6.19143478e-001
1.01934623e+002	6.19127334e-001
1.02201468e+002	6.19111189e-001
1.02468312e+002	6.19095045e-001
1.02735157e+002	6.19078901e-001
1.03002001e+002	6.19062756e-001
1.03268846e+002	6.19046612e-001
1.03535690e+002	6.19030467e-001
1.03802535e+002	6.19014323e-001
1.04069380e+002	6.18998179e-001
1.04336224e+002	6.18982034e-001
1.04603069e+002	6.18965890e-001
1.04869913e+002	6.18949745e-001
1.05136758e+002	6.18933601e-001
1.05403602e+002	6.18917457e-001
1.05670447e+002	6.18901312e-001
1.05937292e+002	6.18885168e-001
1.06204136e+002	6.18869023e-001
1.06470981e+002	6.18852879e-001
1.06737825e+002	6.18836735e-001
1.07004670e+002	6.18820590e-001
1.07271514e+002	6.18804446e-001
1.07538359e+002	6.18788301e-001
1.07805203e+002	6.18772157e-001
1.08072048e+002	6.18756012e-001
1.08338893e+002	6.18739868e-001
1.08605737e+002	6.18723724e-001
1.08872582e+002	6.18707579e-001
1.09139426e+002	6.18691435e-001
1.09406271e+002	6.18675290e-001
1.09673115e+002	6.18659146e-001
1.09939960e+002	6.18643002e-001
1.10206805e+002	6.18626857e-001
1.10473649e+002	6.18610713e-001
1.10740494e+002	6.18594040e-001
1.11007338e+002	6.18576280e-001
1.11274183e+002	6.18559218e-001
1.11541027e+002	6.18542422e-001
1.11807872e+002	6.18525627e-001
1.12074716e+002	6.18508831e-001
1.12341561e+002	6.18492035e-001
1.12608406e+002	6.18475240e-001
1.12875250e+002	6.18458444e-001
1.13142095e+002	6.18441649e-001
1.13408939e+002	6.18424853e-001
1.13675784e+002	6.18408058e-001
1.13942628e+002	6.18391262e-001
1.14209473e+002	6.18374467e-001
1.14476318e+002	6.18357671e-001
1.14743162e+002	6.18340875e-001
1.15010007e+002	6.18324080e-001
1.15276851e+002	6.18307284e-001
1.15543696e+002	6.18290489e-001
1.15810540e+002	6.18273693e-001
1.16077385e+002	6.18256898e-001
1.16344229e+002	6.18240102e-001
1.16611074e+002	6.18223307e-001
1.16877919e+002	6.18206511e-001
1.17144763e+002	6.18189715e-001
1.17411608e+002	6.18172920e-001
1.17678452e+002	6.18156124e-001
1.17945297e+002	6.18139329e-001
1.18212141e+002	6.18122533e-001
1.18478986e+002	6.18105738e-001
1.18745831e+002	6.18088942e-001
1.19012675e+002	6.18072147e-001
1.19279520e+002	6.18055351e-001
1.19546364e+002	6.18038555e-001
1.19813209e+002	6.18021760e-001
1.20080053e+002	6.18004964e-001
1.20346898e+002	6.17988169e-001
1.20613742e+002	6.17971373e-001
1.20880587e+002	6.17954578e-001
1.21147432e+002	6.17937782e-001
1.21414276e+002	6.17920987e-001
1.21681121e+002	6.17904191e-001
1.21947965e+002	6.17887990e-001
1.22214810e+002	6.17872516e-001
1.22481654e+002	6.17857043e-001
1.22748499e+002	6.17841570e-001
1.23015344e+002	6.17826097e-001
1.23282188e+002	6.17810623e-001
1.23549033e+002	6.17795150e-001
1.23815877e+002	6.17779677e-001
1.24082722e+002	6.17764204e-001
1.24349566e+002	6.17748730e-001
1.24616411e+002	6.17733257e-001
1.24883256e+002	6.17717784e-001
1.25150100e+002	6.17702311e-001
1.25416945e+002	6.17686838e-001
1.25683789e+002	6.17671364e-001
1.25950634e+002	6.17655891e-001
1.26217478e+002	6.17640418e-001
1.26484323e+002	6.17624945e-001
1.26751167e+002	6.17609471e-001
1.27018012e+002	6.17593998e-001
1.27284857e+002	6.17578525e-001
1.27551701e+002	6.17563870e-001
1.27818546e+002	6.17549668e-001
1.28085390e+002	6.17535466e-001
1.28352235e+002	6.17521264e-001
1.28619079e+002	6.17507062e-001
1.28885924e+002	6.17492860e-001
1.29152769e+002	6.17478659e-001
1.29419613e+002	6.17464457e-001
1.29686458e+002	6.17450255e-001
1.29953302e+002	6.17436053e-001
1.30220147e+002	6.17421851e-001
1.30486991e+002	6.17407649e-001
1.30753836e+002	6.17393448e-001
1.31020680e+002	6.17379246e-001
1.31287525e+002	6.17365044e-001
1.31554370e+002	6.17350842e-001
1.31821214e+002	6.17336640e-001
1.32088059e+002	6.17322438e-001
1.32354903e+002	6.17308236e-001
1.32621748e+002	6.17294035e-001
1.32888592e+002	6.17279833e-001
1.33155437e+002	6.17265631e-001
1.33422282e+002	6.17251429e-001
1.33689126e+002	6.17237227e-001
1.33955971e+002	6.17223025e-001
1.34222815e+002	6.17208824e-001
1.34489660e+002	6.17194622e-001
1.34756504e+002	6.17180420e-001
1.35023349e+002	6.17166813e-001
1.35290193e+002	6.17155243e-001
1.35557038e+002	6.17143674e-001
1.35823883e+002	6.17132104e-001
1.36090727e+002	6.17120534e-001
1.36357572e+002	6.17108965e-001
1.36624416e+002	6.17097395e-001
1.36891261e+002	6.17085825e-001
1.37158105e+002	6.17074256e-001
1.37424950e+002	6.17062686e-001
1.37691795e+002	6.17051116e-001
1.37958639e+002	6.17039547e-001
1.38225484e+002	6.17027977e-001
1.38492328e+002	6.17016407e-001
1.38759173e+002	6.17004838e-001
1.39026017e+002	6.16993268e-001
1.39292862e+002	6.16981698e-001
1.39559706e+002	6.16970129e-001
1.39826551e+002	6.16958559e-001
1.40093396e+002	6.16946990e-001
1.40360240e+002	6.16935420e-001
1.40627085e+002	6.16923850e-001
1.40893929e+002	6.16912281e-001
1.41160774e+002	6.16900711e-001
1.41427618e+002	6.16889141e-001
1.41694463e+002	6.16877572e-001
1.41961308e+002	6.16866002e-001
1.42228152e+002	6.16854432e-001
1.42494997e+002	6.16842863e-001
1.42761841e+002	6.16831293e-001
1.43028686e+002	6.16819723e-001
1.43295530e+002	6.16808154e-001
1.43562375e+002	6.16796584e-001
1.43829219e+002	6.16785014e-001
1.44096064e+002	6.16773445e-001
1.44362909e+002	6.16761875e-001
1.44629753e+002	6.16750305e-001
1.44896598e+002	6.16738736e-001
1.45163442e+002	6.16727166e-001
1.45430287e+002	6.16715596e-001
1.45697131e+002	6.16704027e-001
1.45963976e+002	6.16692457e-001
1.46230821e+002	6.16680887e-001
1.46497665e+002	6.16669318e-001
1.46764510e+002	6.16657748e-001
1.47031354e+002	6.16646178e-001
1.47298199e+002	6.16634609e-001
1.47565043e+002	6.16623039e-001
1.47831888e+002	6.16611470e-001
1.48098732e+002	6.16599900e-001
1.48365577e+002	6.16588330e-001
1.48632422e+002	6.16576761e-001
1.48899266e+002	6.16565191e-001
1.49166111e+002	6.16553621e-001
1.49432955e+002	6.16542052e-001
1.49699800e+002	6.16530482e-001
1.49966644e+002	6.16517132e-001
1.50233489e+002	6.16503025e-001
1.50500334e+002	6.16488918e-001
1.50767178e+002	6.16474811e-001
1.51034023e+002	6.16460704e-001
1.51300867e+002	6.16446597e-001
1.51567712e+002	6.16436494e-001
1.51834556e+002	6.16427519e-001
1.52101401e+002	6.16418543e-001
1.52368245e+002	6.16409568e-001
1.52635090e+002	6.16402211e-001
1.52901935e+002	6.16394981e-001
1.53168779e+002	6.16387752e-001
1.53435624e+002	6.16380522e-001
1.53702468e+002	6.16373292e-001
1.53969313e+002	6.16366062e-001
1.54236157e+002	6.16358832e-001
1.54503002e+002	6.16351603e-001
1.54769847e+002	6.16344373e-001
1.55036691e+002	6.16336321e-001
1.55303536e+002	6.16327192e-001
1.55570380e+002	6.16318063e-001
1.55837225e+002	6.16308934e-001
1.56104069e+002	6.16299805e-001
1.56370914e+002	6.16290676e-001
1.56637759e+002	6.16281546e-001
1.56904603e+002	6.16272417e-001
1.57171448e+002	6.16263288e-001
1.57438292e+002	6.16254159e-001
1.57705137e+002	6.16245030e-001
1.57971981e+002	6.16235901e-001
1.58238826e+002	6.16226772e-001
1.58505670e+002	6.16217642e-001
1.58772515e+002	6.16208513e-001
1.59039360e+002	6.16199384e-001
1.59306204e+002	6.16190255e-001
1.59573049e+002	6.16181126e-001
1.59839893e+002	6.16171997e-001
1.60106738e+002	6.16162867e-001
1.60373582e+002	6.16153738e-001
1.60640427e+002	6.16144609e-001
1.60907272e+002	6.16135480e-001
1.61174116e+002	6.16126351e-001
1.61440961e+002	6.16117222e-001
1.61707805e+002	6.16108092e-001
1.61974650e+002	6.16098963e-001
1.62241494e+002	6.16089834e-001
1.62508339e+002	6.16080705e-001
1.62775183e+002	6.16071576e-001
1.63042028e+002	6.16062447e-001
1.63308873e+002	6.16053318e-001
1.63575717e+002	6.16044188e-001
1.63842562e+002	6.16035059e-001
1.64109406e+002	6.16025930e-001
1.64376251e+002	6.16016801e-001
1.64643095e+002	6.16007672e-001
1.64909940e+002	6.15998543e-001
1.65176785e+002	6.15989413e-001
1.65443629e+002	6.15980284e-001
1.65710474e+002	6.15971155e-001
1.65977318e+002	6.15962026e-001
1.66244163e+002	6.15952897e-001
1.66511007e+002	6.15943768e-001
1.66777852e+002	6.15934638e-001
1.67044696e+002	6.15925509e-001
1.67311541e+002	6.15916380e-001
1.67578386e+002	6.15907251e-001
1.67845230e+002	6.15901317e-001
1.68112075e+002	6.15897130e-001
1.68378919e+002	6.15892944e-001
1.68645764e+002	6.15888757e-001
1.68912608e+002	6.15884571e-001
1.69179453e+002	6.15880385e-001
1.69446298e+002	6.15876198e-001
1.69713142e+002	6.15872012e-001
1.69979987e+002	6.15867825e-001
1.70246831e+002	6.15863639e-001
1.70513676e+002	6.15859453e-001
1.70780520e+002	6.15855266e-001
1.71047365e+002	6.15851080e-001
1.71314209e+002	6.15846893e-001
1.71581054e+002	6.15842707e-001
1.71847899e+002	6.15838521e-001
1.72114743e+002	6.15834334e-001
1.72381588e+002	6.15830148e-001
1.72648432e+002	6.15825961e-001
1.72915277e+002	6.15821775e-001
1.73182121e+002	6.15817589e-001
1.73448966e+002	6.15813402e-001
1.73715811e+002	6.15809216e-001
1.73982655e+002	6.15805029e-001
1.74249500e+002	6.15800843e-001
1.74516344e+002	6.15796657e-001
1.74783189e+002	6.15792470e-001
1.75050033e+002	6.15788284e-001
1.75316878e+002	6.15784097e-001
1.75583722e+002	6.15779448e-001
1.75850567e+002	6.15774764e-001
1.76117412e+002	6.15770080e-001
1.76384256e+002	6.15765397e-001
1.76651101e+002	6.15760713e-001
1.76917945e+002	6.15756029e-001
1.77184790e+002	6.15751346e-001
1.77451634e+002	6.15746662e-001
1.77718479e+002	6.15741978e-001
1.77985324e+002	6.15737295e-001
1.78252168e+002	6.15732611e-001
1.78519013e+002	6.15727927e-001
1.78785857e+002	6.15723244e-001
1.79052702e+002	6.15718560e-001
1.79319546e+002	6.15713876e-001
1.79586391e+002	6.15709193e-001
1.79853235e+002	6.15704509e-001
1.80120080e+002	6.15699826e-001
1.80386925e+002	6.15695142e-001
1.80653769e+002	6.15691215e-001
1.80920614e+002	6.15689061e-001
1.81187458e+002	6.15686907e-001
1.81454303e+002	6.15684754e-001
1.81721147e+002	6.15682600e-001
1.81987992e+002	6.15680446e-001
1.82254837e+002	6.15678292e-001
1.82521681e+002	6.15676138e-001
1.82788526e+002	6.15673985e-001
1.83055370e+002	6.15671831e-001
1.83322215e+002	6.15669677e-001
1.83589059e+002	6.15667523e-001
1.83855904e+002	6.15665369e-001
1.84122748e+002	6.15663216e-001
1.84389593e+002	6.15661062e-001
1.84656438e+002	6.15658908e-001
1.84923282e+002	6.15656754e-001
1.85190127e+002	6.15654600e-001
1.85456971e+002	6.15652447e-001
1.85723816e+002	6.15650293e-001
1.85990660e+002	6.15648139e-001
1.86257505e+002	6.15645985e-001
1.86524350e+002	6.15643831e-001
1.86791194e+002	6.15641678e-001
1.87058039e+002	6.15639524e-001
1.87324883e+002	6.15637370e-001
1.87591728e+002	6.15635216e-001
1.87858572e+002	6.15633062e-001
1.88125417e+002	6.15630909e-001
1.88392262e+002	6.15628755e-001
1.88659106e+002	6.15626601e-001
1.88925951e+002	6.15624255e-001
1.89192795e+002	6.15621633e-001
1.89459640e+002	6.15619011e-001
1.89726484e+002	6.15616389e-001
1.89993329e+002	6.15613767e-001
1.90260173e+002	6.15611146e-001
1.90527018e+002	6.15608524e-001
1.90793863e+002	6.15605902e-001
1.91060707e+002	6.15603280e-001
1.91327552e+002	6.15600658e-001
1.91594396e+002	6.15598036e-001
1.91861241e+002	6.15595415e-001
1.92128085e+002	6.15592793e-001
1.92394930e+002	6.15590171e-001
1.92661775e+002	6.15587549e-001
1.92928619e+002	6.15584927e-001
1.93195464e+002	6.15582305e-001
1.93462308e+002	6.15579684e-001
1.93729153e+002	6.15577062e-001
1.93995997e+002	6.15574440e-001
1.94262842e+002	6.15571818e-001
1.94529686e+002	6.15569196e-001
1.94796531e+002	6.15566574e-001
1.95063376e+002	6.15563953e-001
1.95330220e+002	6.15561484e-001
1.95597065e+002	6.15561434e-001
1.95863909e+002	6.15561383e-001
1.96130754e+002	6.15561332e-001
1.96397598e+002	6.15561281e-001
1.96664443e+002	6.15561230e-001
1.96931288e+002	6.15561180e-001
1.97198132e+002	6.15561129e-001
1.97464977e+002	6.15561078e-001
1.97731821e+002	6.15561027e-001
1.97998666e+002	6.15560976e-001
1.98265510e+002	6.15560926e-001
1.98532355e+002	6.15560875e-001
1.98799199e+002	6.15560824e-001
1.99066044e+002	6.15560773e-001
1.99332889e+002	6.15560722e-001
1.99599733e+002	6.15560672e-001
1.99866578e+002	6.15560621e-001
2.00133422e+002	6.15560570e-001
2.00400267e+002	6.15560519e-001
2.00667111e+002	6.15560468e-001
2.00933956e+002	6.15560418e-001
2.01200801e+002	6.15560367e-001
2.01467645e+002	6.15560316e-001
2.01734490e+002	6.15560265e-001
2.02001334e+002	6.15560214e-001
2.02268179e+002	6.15560167e-001
2.02535023e+002	6.15560127e-001
2.02801868e+002	6.15560087e-001
2.03068712e+002	6.15560047e-001
2.03335557e+002	6.15560006e-001
2.03602402e+002	6.15559966e-001
2.03869246e+002	6.15559926e-001
2.04136091e+002	6.15559885e-001
2.04402935e+002	6.15559845e-001
2.04669780e+002	6.15559805e-001
2.04936624e+002	6.15559765e-001
2.05203469e+002	6.15559724e-001
2.05470314e+002	6.15559684e-001
2.05737158e+002	6.15559644e-001
2.06004003e+002	6.15559604e-001
2.06270847e+002	6.15559563e-001
2.06537692e+002	6.15559523e-001
2.06804536e+002	6.15559483e-001
2.07071381e+002	6.15559442e-001
2.07338225e+002	6.15559402e-001
2.07605070e+002	6.15559362e-001
2.07871915e+002	6.15559322e-001
2.08138759e+002	6.15559281e-001
2.08405604e+002	6.15559241e-001
2.08672448e+002	6.15559201e-001
2.08939293e+002	6.15559161e-001
2.09206137e+002	6.15559120e-001
2.09472982e+002	6.15562190e-001
2.09739827e+002	6.15565499e-001
2.10006671e+002	6.15568808e-001
2.10273516e+002	6.15572117e-001
2.10540360e+002	6.15575426e-001
2.10807205e+002	6.15578735e-001
2.11074049e+002	6.15582044e-001
2.11340894e+002	6.15585352e-001
2.11607738e+002	6.15588661e-001
2.11874583e+002	6.15591970e-001
2.12141428e+002	6.15595279e-001
2.12408272e+002	6.15598588e-001
2.12675117e+002	6.15601897e-001
2.12941961e+002	6.15605206e-001
2.13208806e+002	6.15608515e-001
2.13475650e+002	6.15611824e-001
2.13742495e+002	6.15615133e-001
2.14009340e+002	6.15618442e-001
2.14276184e+002	6.15621751e-001
2.14543029e+002	6.15625060e-001
2.14809873e+002	6.15628369e-001
2.15076718e+002	6.15631678e-001
2.15343562e+002	6.15634987e-001
2.15610407e+002	6.15638296e-001
2.15877252e+002	6.15641605e-001
2.16144096e+002	6.15644914e-001
2.16410941e+002	6.15648223e-001
2.16677785e+002	6.15651532e-001
2.16944630e+002	6.15654841e-001
2.17211474e+002	6.15658150e-001
2.17478319e+002	6.15661459e-001
2.17745163e+002	6.15664768e-001
2.18012008e+002	6.15668077e-001
2.18278853e+002	6.15671386e-001
2.18545697e+002	6.15674695e-001
2.18812542e+002	6.15678003e-001
2.19079386e+002	6.15681312e-001
2.19346231e+002	6.15684621e-001
2.19613075e+002	6.15687930e-001
2.19879920e+002	6.15691239e-001
2.20146765e+002	6.15694548e-001
2.20413609e+002	6.15697857e-001
2.20680454e+002	6.15701166e-001
2.20947298e+002	6.15704475e-001
2.21214143e+002	6.15707784e-001
2.21480987e+002	6.15711093e-001
2.21747832e+002	6.15714402e-001
2.22014676e+002	6.15717711e-001
2.22281521e+002	6.15721020e-001
2.22548366e+002	6.15724329e-001
2.22815210e+002	6.15727519e-001
2.23082055e+002	6.15730466e-001
2.23348899e+002	6.15733412e-001
2.23615744e+002	6.15736359e-001
2.23882588e+002	6.15739305e-001
2.24149433e+002	6.15742252e-001
2.24416278e+002	6.15745198e-001
2.24683122e+002	6.15748145e-001
2.24949967e+002	6.15751091e-001
2.25216811e+002	6.15754038e-001
2.25483656e+002	6.15756984e-001
2.25750500e+002	6.15759931e-001
2.26017345e+002	6.15762877e-001
2.26284189e+002	6.15765824e-001
2.26551034e+002	6.15770414e-001
2.26817879e+002	6.15777207e-001
2.27084723e+002	6.15783999e-001
2.27351568e+002	6.15790791e-001
2.27618412e+002	6.15797583e-001
2.27885257e+002	6.15804376e-001
2.28152101e+002	6.15811168e-001
2.28418946e+002	6.15817960e-001
2.28685791e+002	6.15824753e-001
2.28952635e+002	6.15831545e-001
2.29219480e+002	6.15838337e-001
2.29486324e+002	6.15845130e-001
2.29753169e+002	6.15851922e-001
2.30020013e+002	6.15858714e-001
2.30286858e+002	6.15865506e-001
2.30553702e+002	6.15872299e-001
2.30820547e+002	6.15879045e-001
2.31087392e+002	6.15885667e-001
2.31354236e+002	6.15892289e-001
2.31621081e+002	6.15898911e-001
2.31887925e+002	6.15905533e-001
2.32154770e+002	6.15912155e-001
2.32421614e+002	6.15918778e-001
2.32688459e+002	6.15925400e-001
2.32955304e+002	6.15932022e-001
2.33222148e+002	6.15938644e-001
2.33488993e+002	6.15945266e-001
2.33755837e+002	6.15951888e-001
2.34022682e+002	6.15958511e-001
2.34289526e+002	6.15965133e-001
2.34556371e+002	6.15971755e-001
2.34823215e+002	6.15978377e-001
2.35090060e+002	6.15984999e-001
2.35356905e+002	6.15991621e-001
2.35623749e+002	6.15998243e-001
2.35890594e+002	6.16004866e-001
2.36157438e+002	6.16011488e-001
2.36424283e+002	6.16018110e-001
2.36691127e+002	6.16024732e-001
2.36957972e+002	6.16031354e-001
2.37224817e+002	6.16037976e-001
2.37491661e+002	6.16044599e-001
2.37758506e+002	6.16051221e-001
2.38025350e+002	6.16057843e-001
2.38292195e+002	6.16064465e-001
2.38559039e+002	6.16071087e-001
2.38825884e+002	6.16077709e-001
2.39092728e+002	6.16084331e-001
2.39359573e+002	6.16090954e-001
2.39626418e+002	6.16097576e-001
2.39893262e+002	6.16104198e-001
2.40160107e+002	6.16110820e-001
2.40426951e+002	6.16117442e-001
2.40693796e+002	6.16124064e-001
2.40960640e+002	6.16130687e-001
2.41227485e+002	6.16137309e-001
2.41494330e+002	6.16143931e-001
2.41761174e+002	6.16150553e-001
2.42028019e+002	6.16157175e-001
2.42294863e+002	6.16165224e-001
2.42561708e+002	6.16176151e-001
2.42828552e+002	6.16187078e-001
2.43095397e+002	6.16198006e-001
2.43362241e+002	6.16208933e-001
2.43629086e+002	6.16219860e-001
2.43895931e+002	6.16230787e-001
2.44162775e+002	6.16241715e-001
2.44429620e+002	6.16252642e-001
2.44696464e+002	6.16263569e-001
2.44963309e+002	6.16274496e-001
2.45230153e+002	6.16285424e-001
2.45496998e+002	6.16296351e-001
2.45763843e+002	6.16307278e-001
2.46030687e+002	6.16318205e-001
2.46297532e+002	6.16329132e-001
2.46564376e+002	6.16340060e-001
2.46831221e+002	6.16350987e-001
2.47098065e+002	6.16361914e-001
2.47364910e+002	6.16372841e-001
2.47631755e+002	6.16383769e-001
2.47898599e+002	6.16394696e-001
2.48165444e+002	6.16405623e-001
2.48432288e+002	6.16416550e-001
2.48699133e+002	6.16427477e-001
2.48965977e+002	6.16438405e-001
2.49232822e+002	6.16449332e-001
2.49499666e+002	6.16460259e-001
2.49766511e+002	6.16471186e-001
2.50033356e+002	6.16482114e-001
2.50300200e+002	6.16493041e-001
2.50567045e+002	6.16503968e-001
2.50833889e+002	6.16514895e-001
2.51100734e+002	6.16525823e-001
2.51367578e+002	6.16536750e-001
2.51634423e+002	6.16547677e-001
2.51901268e+002	6.16558412e-001
2.52168112e+002	6.16568735e-001
2.52434957e+002	6.16579057e-001
2.52701801e+002	6.16589380e-001
2.52968646e+002	6.16599703e-001
2.53235490e+002	6.16610026e-001
2.53502335e+002	6.16620349e-001
2.53769179e+002	6.16630672e-001
2.54036024e+002	6.16640994e-001
2.54302869e+002	6.16651317e-001
2.54569713e+002	6.16661640e-001
2.54836558e+002	6.16671963e-001
2.55103402e+002	6.16682286e-001
2.55370247e+002	6.16692609e-001
2.55637091e+002	6.16702932e-001
2.55903936e+002	6.16715524e-001
2.56170781e+002	6.16728433e-001
2.56437625e+002	6.16741343e-001
2.56704470e+002	6.16754252e-001
2.56971314e+002	6.16767161e-001
2.57238159e+002	6.16780070e-001
2.57505003e+002	6.16792980e-001
2.57771848e+002	6.16805889e-001
2.58038692e+002	6.16818798e-001
2.58305537e+002	6.16831707e-001
2.58572382e+002	6.16844616e-001
2.58839226e+002	6.16857526e-001
2.59106071e+002	6.16870334e-001
2.59372915e+002	6.16883088e-001
2.59639760e+002	6.16895842e-001
2.59906604e+002	6.16908597e-001
2.60173449e+002	6.16921351e-001
2.60440294e+002	6.16934106e-001
2.60707138e+002	6.16946860e-001
2.60973983e+002	6.16959615e-001
2.61240827e+002	6.16972369e-001
2.61507672e+002	6.16985123e-001
2.61774516e+002	6.16997878e-001
2.62041361e+002	6.17010632e-001
2.62308205e+002	6.17023387e-001
2.62575050e+002	6.17036141e-001
2.62841895e+002	6.17048896e-001
2.63108739e+002	6.17061650e-001
2.63375584e+002	6.17074405e-001
2.63642428e+002	6.17087159e-001
2.63909273e+002	6.17099913e-001
2.64176117e+002	6.17112668e-001
2.64442962e+002	6.17125422e-001
2.64709807e+002	6.17138177e-001
2.64976651e+002	6.17150931e-001
2.65243496e+002	6.17163686e-001
2.65510340e+002	6.17176440e-001
2.65777185e+002	6.17189194e-001
2.66044029e+002	6.17201949e-001
2.66310874e+002	6.17214703e-001
2.66577718e+002	6.17227458e-001
2.66844563e+002	6.17240212e-001
2.67111408e+002	6.17252967e-001
2.67378252e+002	6.17265721e-001
2.67645097e+002	6.17278475e-001
2.67911941e+002	6.17291230e-001
2.68178786e+002	6.17303984e-001
2.68445630e+002	6.17316739e-001
2.68712475e+002	6.17329493e-001
2.68979320e+002	6.17342248e-001
2.69246164e+002	6.17355052e-001
2.69513009e+002	6.17367894e-001
2.69779853e+002	6.17380736e-001
2.70046698e+002	6.17393577e-001
2.70313542e+002	6.17406419e-001
2.70580387e+002	6.17419261e-001
2.70847231e+002	6.17432102e-001
2.71114076e+002	6.17444944e-001
2.71380921e+002	6.17457786e-001
2.71647765e+002	6.17470627e-001
2.71914610e+002	6.17483469e-001
2.72181454e+002	6.17496311e-001
2.72448299e+002	6.17509153e-001
2.72715143e+002	6.17521994e-001
2.72981988e+002	6.17534836e-001
2.73248833e+002	6.17547678e-001
2.73515677e+002	6.17560519e-001
2.73782522e+002	6.17573361e-001
2.74049366e+002	6.17586203e-001
2.74316211e+002	6.17599044e-001
2.74583055e+002	6.17611886e-001
2.74849900e+002	6.17624728e-001
2.75116744e+002	6.17637570e-001
2.75383589e+002	6.17650411e-001
2.75650434e+002	6.17663253e-001
2.75917278e+002	6.17676095e-001
2.76184123e+002	6.17688936e-001
2.76450967e+002	6.17702986e-001
2.76717812e+002	6.17719359e-001
2.76984656e+002	6.17735731e-001
2.77251501e+002	6.17752104e-001
2.77518346e+002	6.17768476e-001
2.77785190e+002	6.17784849e-001
2.78052035e+002	6.17801221e-001
2.78318879e+002	6.17817594e-001
2.78585724e+002	6.17833966e-001
2.78852568e+002	6.17850339e-001
2.79119413e+002	6.17866711e-001
2.79386258e+002	6.17883084e-001
2.79653102e+002	6.17899456e-001
2.79919947e+002	6.17915829e-001
2.80186791e+002	6.17932201e-001
2.80453636e+002	6.17948574e-001
2.80720480e+002	6.17964946e-001
2.80987325e+002	6.17981319e-001
2.81254169e+002	6.17997691e-001
2.81521014e+002	6.18014064e-001
2.81787859e+002	6.18030436e-001
2.82054703e+002	6.18046809e-001
2.82321548e+002	6.18063181e-001
2.82588392e+002	6.18079554e-001
2.82855237e+002	6.18095926e-001
2.83122081e+002	6.18112299e-001
2.83388926e+002	6.18128671e-001
2.83655771e+002	6.18145044e-001
2.83922615e+002	6.18161416e-001
2.84189460e+002	6.18177789e-001
2.84456304e+002	6.18194161e-001
2.84723149e+002	6.18210534e-001
2.84989993e+002	6.18226906e-001
2.85256838e+002	6.18243279e-001
2.85523682e+002	6.18259651e-001
2.85790527e+002	6.18276024e-001
2.86057372e+002	6.18292397e-001
2.86324216e+002	6.18308769e-001
2.86591061e+002	6.18325142e-001
2.86857905e+002	6.18341514e-001
2.87124750e+002	6.18357887e-001
2.87391594e+002	6.18374259e-001
2.87658439e+002	6.18390632e-001
2.87925284e+002	6.18407004e-001
2.88192128e+002	6.18423416e-001
2.88458973e+002	6.18440055e-001
2.88725817e+002	6.18456693e-001
2.88992662e+002	6.18473331e-001
2.89259506e+002	6.18489969e-001
2.89526351e+002	6.18506608e-001
2.89793195e+002	6.18523246e-001
2.90060040e+002	6.18539884e-001
2.90326885e+002	6.18556522e-001
2.90593729e+002	6.18573161e-001
2.90860574e+002	6.18589799e-001
2.91127418e+002	6.18606437e-001
2.91394263e+002	6.18623075e-001
2.91661107e+002	6.18639330e-001
2.91927952e+002	6.18653612e-001
2.92194797e+002	6.18667893e-001
2.92461641e+002	6.18682174e-001
2.92728486e+002	6.18696456e-001
2.92995330e+002	6.18710737e-001
2.93262175e+002	6.18725019e-001
2.93529019e+002	6.18739300e-001
2.93795864e+002	6.18753581e-001
2.94062708e+002	6.18767863e-001
2.94329553e+002	6.18782144e-001
2.94596398e+002	6.18796426e-001
2.94863242e+002	6.18810707e-001
2.95130087e+002	6.18824988e-001
2.95396931e+002	6.18839270e-001
2.95663776e+002	6.18854368e-001
2.95930620e+002	6.18870234e-001
2.96197465e+002	6.18886100e-001
2.96464310e+002	6.18901965e-001
2.96731154e+002	6.18917831e-001
2.96997999e+002	6.18933697e-001
2.97264843e+002	6.18949563e-001
2.97531688e+002	6.18965429e-001
2.97798532e+002	6.18981294e-001
2.98065377e+002	6.18997160e-001
2.98332221e+002	6.19013026e-001
2.98599066e+002	6.19028892e-001
2.98865911e+002	6.19044758e-001
2.99132755e+002	6.19060623e-001
2.99399600e+002	6.19076489e-001
2.99666444e+002	6.19092355e-001
2.99933289e+002	6.19108221e-001
3.00200133e+002	6.19124087e-001
3.00466978e+002	6.19139952e-001
3.00733823e+002	6.19155818e-001
3.01000667e+002	6.19171684e-001
3.01267512e+002	6.19187550e-001
3.01534356e+002	6.19203416e-001
3.01801201e+002	6.19219281e-001
3.02068045e+002	6.19235147e-001
3.02334890e+002	6.19251013e-001
3.02601734e+002	6.19266879e-001
3.02868579e+002	6.19282745e-001
3.03135424e+002	6.19298610e-001
3.03402268e+002	6.19314476e-001
3.03669113e+002	6.19330342e-001
3.03935957e+002	6.19346208e-001
3.04202802e+002	6.19362074e-001
3.04469646e+002	6.19377939e-001
3.04736491e+002	6.19393741e-001
3.05003336e+002	6.19407825e-001
3.05270180e+002	6.19421909e-001
3.05537025e+002	6.19435993e-001
3.05803869e+002	6.19450077e-001
3.06070714e+002	6.19464160e-001
3.06337558e+002	6.19478244e-001
3.06604403e+002	6.19492328e-001
3.06871247e+002	6.19506412e-001
3.07138092e+002	6.19520495e-001
3.07404937e+002	6.19534579e-001
3.07671781e+002	6.19548663e-001
3.07938626e+002	6.19562747e-001
3.08205470e+002	6.19576830e-001
3.08472315e+002	6.19590914e-001
3.08739159e+002	6.19604998e-001
3.09006004e+002	6.19619082e-001
3.09272849e+002	6.19633165e-001
3.09539693e+002	6.19647249e-001
3.09806538e+002	6.19661333e-001
3.10073382e+002	6.19675417e-001
3.10340227e+002	6.19689500e-001
3.10607071e+002	6.19703584e-001
3.10873916e+002	6.19717668e-001
3.11140761e+002	6.19731752e-001
3.11407605e+002	6.19745836e-001
3.11674450e+002	6.19759919e-001
3.11941294e+002	6.19774003e-001
3.12208139e+002	6.19788087e-001
3.12474983e+002	6.19802171e-001
3.12741828e+002	6.19816254e-001
3.13008672e+002	6.19830338e-001
3.13275517e+002	6.19843596e-001
3.13542362e+002	6.19856786e-001
3.13809206e+002	6.19869977e-001
3.14076051e+002	6.19883168e-001
3.14342895e+002	6.19896358e-001
3.14609740e+002	6.19909549e-001
3.14876584e+002	6.19922740e-001
3.15143429e+002	6.19935930e-001
3.15410274e+002	6.19949121e-001
3.15677118e+002	6.19962312e-001
3.15943963e+002	6.19975502e-001
3.16210807e+002	6.19988693e-001
3.16477652e+002	6.20001884e-001
3.16744496e+002	6.20007959e-001
3.17011341e+002	6.20000291e-001
3.17278185e+002	6.19992623e-001
3.17545030e+002	6.19984955e-001
3.17811875e+002	6.19977287e-001
3.18078719e+002	6.19969618e-001
3.18345564e+002	6.19961950e-001
3.18612408e+002	6.19954282e-001
3.18879253e+002	6.19946614e-001
3.19146097e+002	6.19937655e-001
3.19412942e+002	6.19921535e-001
3.19679787e+002	6.19905415e-001
3.19946631e+002	6.19889294e-001
3.20213476e+002	6.19873174e-001
3.20480320e+002	6.19857053e-001
3.20747165e+002	6.19840933e-001
3.21014009e+002	6.19824813e-001
3.21280854e+002	6.19808692e-001
3.21547698e+002	6.19792572e-001
3.21814543e+002	6.19776451e-001
3.22081388e+002	6.19760331e-001
3.22348232e+002	6.19744211e-001
3.22615077e+002	6.19728090e-001
3.22881921e+002	6.19711970e-001
3.23148766e+002	6.19695849e-001
3.23415610e+002	6.19679729e-001
3.23682455e+002	6.19663609e-001
3.23949300e+002	6.19647488e-001
3.24216144e+002	6.19631368e-001
3.24482989e+002	6.19615247e-001
3.24749833e+002	6.19599127e-001
3.25016678e+002	6.19583007e-001
3.25283522e+002	6.19566886e-001
3.25550367e+002	6.19550766e-001
3.25817211e+002	6.19542203e-001
3.26084056e+002	6.19541175e-001
3.26350901e+002	6.19540147e-001
3.26617745e+002	6.19539119e-001
3.26884590e+002	6.19538091e-001
3.27151434e+002	6.19537063e-001
3.27418279e+002	6.19536034e-001
3.27685123e+002	6.19535006e-001
3.27951968e+002	6.19533978e-001
3.28218813e+002	6.19532950e-001
3.28485657e+002	6.19531922e-001
3.28752502e+002	6.19530894e-001
3.29019346e+002	6.19529865e-001
3.29286191e+002	6.19528837e-001
3.29553035e+002	6.19527809e-001
3.29819880e+002	6.19526781e-001
3.30086724e+002	6.19525753e-001
3.30353569e+002	6.19524725e-001
3.30620414e+002	6.19523696e-001
3.30887258e+002	6.19522668e-001
3.31154103e+002	6.19521640e-001
3.31420947e+002	6.19520612e-001
3.31687792e+002	6.19519584e-001
3.31954636e+002	6.19518556e-001
3.32221481e+002	6.19517527e-001
3.32488326e+002	6.19516499e-001
3.32755170e+002	6.19515471e-001
3.33022015e+002	6.19514443e-001
3.33288859e+002	6.19513415e-001
3.33555704e+002	6.19512387e-001
3.33822548e+002	6.19511358e-001
3.34089393e+002	6.19476402e-001
3.34356237e+002	6.19419695e-001
3.34623082e+002	6.19362988e-001
3.34889927e+002	6.19306281e-001
3.35156771e+002	6.19249573e-001
3.35423616e+002	6.19192866e-001
3.35690460e+002	6.19136159e-001
3.35957305e+002	6.19079451e-001
3.36224149e+002	6.19022744e-001
3.36490994e+002	6.18966037e-001
3.36757839e+002	6.18909329e-001
3.37024683e+002	6.18852622e-001
3.37291528e+002	6.18795915e-001
3.37558372e+002	6.18739207e-001
3.37825217e+002	6.18682500e-001
3.38092061e+002	6.18625793e-001
3.38358906e+002	6.18569086e-001
3.38625751e+002	6.18512378e-001
3.38892595e+002	6.18455671e-001
3.39159440e+002	6.18398964e-001
3.39426284e+002	6.18342256e-001
3.39693129e+002	6.18285549e-001
3.39959973e+002	6.18228842e-001
3.40226818e+002	6.18172134e-001
3.40493662e+002	6.18115427e-001
3.40760507e+002	6.18058720e-001
3.41027352e+002	6.18002012e-001
3.41294196e+002	6.17945305e-001
3.41561041e+002	6.17888598e-001
3.41827885e+002	6.17831890e-001
3.42094730e+002	6.17775183e-001
3.42361574e+002	6.17718476e-001
3.42628419e+002	6.17661769e-001
3.42895264e+002	6.17605061e-001
3.43162108e+002	6.17548354e-001
3.43428953e+002	6.17491647e-001
3.43695797e+002	6.17434939e-001
3.43962642e+002	6.17378232e-001
3.44229486e+002	6.17321525e-001
3.44496331e+002	6.17264817e-001
3.44763175e+002	6.17208110e-001
3.45030020e+002	6.17151403e-001
3.45296865e+002	6.17094695e-001
3.45563709e+002	6.17037988e-001
3.45830554e+002	6.16981281e-001
3.46097398e+002	6.16924574e-001
3.46364243e+002	6.16867866e-001
3.46631087e+002	6.16811159e-001
3.46897932e+002	6.16754452e-001
3.47164777e+002	6.16697744e-001
3.47431621e+002	6.16641037e-001
3.47698466e+002	6.16584330e-001
3.47965310e+002	6.16527622e-001
3.48232155e+002	6.16470915e-001
3.48498999e+002	6.16414208e-001
3.48765844e+002	6.16357500e-001
3.49032688e+002	6.16300793e-001
3.49299533e+002	6.16244086e-001
3.49566378e+002	6.16187378e-001
3.49833222e+002	6.16130671e-001
3.50100067e+002	6.16053177e-001
3.50366911e+002	6.15838232e-001
3.50633756e+002	6.15623286e-001
3.50900600e+002	6.15408340e-001
3.51167445e+002	6.15193394e-001
3.51434290e+002	6.14978448e-001
3.51701134e+002	6.14763502e-001
3.51967979e+002	6.14548556e-001
3.52234823e+002	6.14333610e-001
3.52501668e+002	6.14118664e-001
3.52768512e+002	6.13903719e-001
3.53035357e+002	6.13688773e-001
3.53302201e+002	6.13473827e-001
3.53569046e+002	6.13258881e-001
3.53835891e+002	6.13043935e-001
3.54102735e+002	6.12828989e-001
3.54369580e+002	6.12614043e-001
3.54636424e+002	6.12399097e-001
3.54903269e+002	6.12184151e-001
3.55170113e+002	6.11969206e-001
3.55436958e+002	6.11754260e-001
3.55703803e+002	6.11539314e-001
3.55970647e+002	6.11324368e-001
3.56237492e+002	6.11109422e-001
3.56504336e+002	6.10894476e-001
3.56771181e+002	6.10679530e-001
3.57038025e+002	6.10464584e-001
3.57304870e+002	6.10249639e-001
3.57571714e+002	6.10034693e-001
3.57838559e+002	6.09819747e-001
3.58105404e+002	6.09604801e-001
3.58372248e+002	6.09389855e-001
3.58639093e+002	6.09174909e-001
3.58905937e+002	6.08959963e-001
3.59172782e+002	6.08745017e-001
3.59439626e+002	6.08530071e-001
3.59706471e+002	6.08315126e-001
3.59973316e+002	6.08100180e-001
3.60240160e+002	6.07885234e-001
3.60507005e+002	6.07670288e-001
3.60773849e+002	6.07455342e-001
3.61040694e+002	6.07240396e-001
3.61307538e+002	6.07025450e-001
3.61574383e+002	6.06810504e-001
3.61841227e+002	6.06595558e-001
3.62108072e+002	6.06380613e-001
3.62374917e+002	6.06165667e-001
3.62641761e+002	6.05950721e-001
3.62908606e+002	6.05735775e-001
3.63175450e+002	6.05520829e-001
3.63442295e+002	6.05305883e-001
3.63709139e+002	6.05090937e-001
3.63975984e+002	6.04875991e-001
3.64242829e+002	6.04661045e-001
3.64509673e+002	6.04446100e-001
3.64776518e+002	6.04231154e-001
3.65043362e+002	6.04016208e-001
3.65310207e+002	6.03801262e-001
3.65577051e+002	6.03586316e-001
3.65843896e+002	6.03371370e-001
3.66110740e+002	6.03156424e-001
3.66377585e+002	6.02941478e-001
3.66644430e+002	6.02726532e-001
3.66911274e+002	6.02511587e-001
3.67178119e+002	6.02296641e-001
3.67444963e+002	6.02081695e-001
3.67711808e+002	6.01866749e-001
3.67978652e+002	6.01651803e-001
3.68245497e+002	6.01436857e-001
3.68512342e+002	6.01221911e-001
3.68779186e+002	6.01006965e-001
3.69046031e+002	6.00792019e-001
3.69312875e+002	6.00577074e-001
3.69579720e+002	6.00322879e-001
3.69846564e+002	5.99631437e-001
3.70113409e+002	5.99113112e-001
3.70380254e+002	5.98668278e-001
3.70647098e+002	5.98223444e-001
3.70913943e+002	5.97778611e-001
3.71180787e+002	5.97333777e-001
3.71447632e+002	5.96888943e-001
3.71714476e+002	5.96444109e-001
3.71981321e+002	5.95999275e-001
3.72248165e+002	5.95554441e-001
3.72515010e+002	5.95109608e-001
3.72781855e+002	5.94664774e-001
3.73048699e+002	5.94219940e-001
3.73315544e+002	5.93775106e-001
3.73582388e+002	5.93330272e-001
3.73849233e+002	5.92885439e-001
3.74116077e+002	5.92440605e-001
3.74382922e+002	5.91995771e-001
3.74649767e+002	5.91550937e-001
3.74916611e+002	5.91106103e-001
3.75183456e+002	5.90661270e-001
3.75450300e+002	5.90216436e-001
3.75717145e+002	5.89771602e-001
3.75983989e+002	5.89326768e-001
3.76250834e+002	5.88881934e-001
3.76517678e+002	5.88437101e-001
3.76784523e+002	5.87992267e-001
3.77051368e+002	5.87547433e-001
3.77318212e+002	5.87102599e-001
3.77585057e+002	5.86657765e-001
3.77851901e+002	5.86212932e-001
3.78118746e+002	5.85768098e-001
3.78385590e+002	5.85323264e-001
3.78652435e+002	5.84878430e-001
3.78919280e+002	5.84433596e-001
3.79186124e+002	5.83988763e-001
3.79452969e+002	5.83543929e-001
3.79719813e+002	5.83099095e-001
3.79986658e+002	5.82654261e-001
3.80253502e+002	5.82209427e-001
3.80520347e+002	5.81764593e-001
3.80787191e+002	5.81319760e-001
3.81054036e+002	5.80874926e-001
3.81320881e+002	5.80430092e-001
3.81587725e+002	5.79985258e-001
3.81854570e+002	5.78918290e-001
3.82121414e+002	5.77613527e-001
3.82388259e+002	5.76308764e-001
3.82655103e+002	5.75004001e-001
3.82921948e+002	5.73699238e-001
3.83188793e+002	5.72394475e-001
3.83455637e+002	5.71089712e-001
3.83722482e+002	5.69784949e-001
3.83989326e+002	5.68480185e-001
3.84256171e+002	5.67175422e-001
3.84523015e+002	5.65870659e-001
3.84789860e+002	5.64565896e-001
3.85056704e+002	5.63261133e-001
3.85323549e+002	5.61956370e-001
3.85590394e+002	5.60769238e-001
3.85857238e+002	5.59632405e-001
3.86124083e+002	5.58495573e-001
3.86390927e+002	5.57358740e-001
3.86657772e+002	5.56221907e-001
3.86924616e+002	5.55085075e-001
3.87191461e+002	5.53948242e-001
3.87458306e+002	5.52811410e-001
3.87725150e+002	5.51674577e-001
3.87991995e+002	5.50537744e-001
3.88258839e+002	5.49400912e-001
3.88525684e+002	5.48264079e-001
3.88792528e+002	5.47127247e-001
3.89059373e+002	5.45990414e-001
3.89326217e+002	5.44853581e-001
3.89593062e+002	5.43716749e-001
3.89859907e+002	5.42579916e-001
3.90126751e+002	5.41443084e-001
3.90393596e+002	5.40306251e-001
3.90660440e+002	5.39169419e-001
3.90927285e+002	5.38032586e-001
3.91194129e+002	5.36895753e-001
3.91460974e+002	5.35758921e-001
3.91727819e+002	5.34622088e-001
3.91994663e+002	5.33485256e-001
3.92261508e+002	5.32348423e-001
3.92528352e+002	5.31211590e-001
3.92795197e+002	5.30074758e-001
3.93062041e+002	5.28937925e-001
3.93328886e+002	5.27801093e-001
3.93595730e+002	5.26664260e-001
3.93862575e+002	5.25527427e-001
3.94129420e+002	5.24390595e-001
3.94396264e+002	5.23253762e-001
3.94663109e+002	5.22116930e-001
3.94929953e+002	5.20980097e-001
3.95196798e+002	5.19843264e-001
3.95463642e+002	5.18706432e-001
3.95730487e+002	5.17569599e-001
3.95997332e+002	5.16432767e-001
3.96264176e+002	5.14149476e-001
3.96531021e+002	5.11763403e-001
3.96797865e+002	5.09377330e-001
3.97064710e+002	5.06991256e-001
3.97331554e+002	5.04605183e-001
3.97598399e+002	5.02219109e-001
3.97865243e+002	4.99833036e-001
3.98132088e+002	4.97446963e-001
3.98398933e+002	4.95060889e-001
3.98665777e+002	4.92674816e-001
3.98932622e+002	4.90288742e-001
3.99199466e+002	4.87902669e-001
3.99466311e+002	4.85516595e-001
3.99733155e+002	4.83130522e-001
4.00000000e+002	4.79446411e-001
