0.00000000e+000	4.33557889e-001	
2.66844563e-001	4.35599146e-001
5.33689126e-001	4.37640403e-001
8.00533689e-001	4.39681660e-001
1.06737825e+000	4.41722917e-001
1.33422282e+000	4.43764174e-001
1.60106738e+000	4.45805431e-001
1.86791194e+000	4.47846689e-001
2.13475650e+000	4.49887946e-001
2.40160107e+000	4.51929203e-001
2.66844563e+000	4.53970460e-001
2.93529019e+000	4.56011717e-001
3.20213476e+000	4.58052974e-001
3.46897932e+000	4.60094231e-001
3.73582388e+000	4.62135489e-001
4.00266845e+000	4.64176746e-001
4.26951301e+000	4.66218003e-001
4.53635757e+000	4.68259260e-001
4.80320213e+000	4.70300517e-001
5.07004670e+000	4.72341774e-001
5.33689126e+000	4.74383031e-001
5.60373582e+000	4.76424289e-001
5.87058039e+000	4.78465546e-001
6.13742495e+000	4.80506803e-001
6.40426951e+000	4.82548060e-001
6.67111408e+000	4.84589317e-001
6.93795864e+000	4.86630574e-001
7.20480320e+000	4.88671831e-001
7.47164777e+000	4.90713089e-001
7.73849233e+000	4.92754346e-001
8.00533689e+000	4.94795603e-001
8.27218145e+000	4.96836860e-001
8.53902602e+000	4.98878117e-001
8.80587058e+000	5.00919374e-001
9.07271514e+000	5.02960631e-001
9.33955971e+000	5.05001889e-001
9.60640427e+000	5.07043146e-001
9.87324883e+000	5.09084403e-001
1.01400934e+001	5.11125660e-001
1.04069380e+001	5.13166917e-001
1.06737825e+001	5.15208174e-001
1.09406271e+001	5.17249431e-001
1.12074716e+001	5.19290689e-001
1.14743162e+001	5.21331946e-001
1.17411608e+001	5.23373203e-001
1.20080053e+001	5.25414460e-001
1.22748499e+001	5.27455717e-001
1.25416945e+001	5.29496974e-001
1.28085390e+001	5.30813686e-001
1.30753836e+001	5.31683105e-001
1.33422282e+001	5.32552524e-001
1.36090727e+001	5.33421942e-001
1.38759173e+001	5.34291361e-001
1.41427618e+001	5.35160779e-001
1.44096064e+001	5.36030198e-001
1.46764510e+001	5.36899616e-001
1.49432955e+001	5.37769035e-001
1.52101401e+001	5.38638454e-001
1.54769847e+001	5.39507872e-001
1.57438292e+001	5.40377291e-001
1.60106738e+001	5.41246709e-001
1.62775183e+001	5.42116128e-001
1.65443629e+001	5.42985546e-001
1.68112075e+001	5.43854965e-001
1.70780520e+001	5.44724384e-001
1.73448966e+001	5.45593802e-001
1.76117412e+001	5.46463221e-001
1.78785857e+001	5.47332639e-001
1.81454303e+001	5.48202058e-001
1.84122748e+001	5.49071476e-001
1.86791194e+001	5.49940895e-001
1.89459640e+001	5.50810313e-001
1.92128085e+001	5.51679732e-001
1.94796531e+001	5.52549151e-001
1.97464977e+001	5.53418569e-001
2.00133422e+001	5.54287988e-001
2.02801868e+001	5.55157406e-001
2.05470314e+001	5.56026825e-001
2.08138759e+001	5.56896243e-001
2.10807205e+001	5.57765662e-001
2.13475650e+001	5.58635081e-001
2.16144096e+001	5.59504499e-001
2.18812542e+001	5.60373918e-001
2.21480987e+001	5.61243336e-001
2.24149433e+001	5.62112755e-001
2.26817879e+001	5.62982173e-001
2.29486324e+001	5.63851592e-001
2.32154770e+001	5.64721010e-001
2.34823215e+001	5.65590429e-001
2.37491661e+001	5.66459848e-001
2.40160107e+001	5.67329266e-001
2.42828552e+001	5.68198685e-001
2.45496998e+001	5.69068103e-001
2.48165444e+001	5.69937522e-001
2.50833889e+001	5.70806940e-001
2.53502335e+001	5.71676359e-001
2.56170781e+001	5.72545778e-001
2.58839226e+001	5.73415196e-001
2.61507672e+001	5.74284615e-001
2.64176117e+001	5.75154033e-001
2.66844563e+001	5.76023452e-001
2.69513009e+001	5.76892870e-001
2.72181454e+001	5.77762289e-001
2.74849900e+001	5.78631707e-001
2.77518346e+001	5.79501126e-001
2.80186791e+001	5.80370545e-001
2.82855237e+001	5.81239963e-001
2.85523682e+001	5.82109382e-001
2.88192128e+001	5.82978800e-001
2.90860574e+001	5.83848219e-001
2.93529019e+001	5.84717637e-001
2.96197465e+001	5.85587056e-001
2.98865911e+001	5.86456475e-001
3.01534356e+001	5.87325893e-001
3.04202802e+001	5.88195312e-001
3.06871247e+001	5.89064730e-001
3.09539693e+001	5.89934149e-001
3.12208139e+001	5.90803567e-001
3.14876584e+001	5.91449777e-001
3.17545030e+001	5.91769752e-001
3.20213476e+001	5.92089727e-001
3.22881921e+001	5.92409702e-001
3.25550367e+001	5.92729677e-001
3.28218813e+001	5.93049652e-001
3.30887258e+001	5.93369627e-001
3.33555704e+001	5.93689601e-001
3.36224149e+001	5.94009576e-001
3.38892595e+001	5.94329551e-001
3.41561041e+001	5.94649526e-001
3.44229486e+001	5.94969501e-001
3.46897932e+001	5.95289476e-001
3.49566378e+001	5.95609451e-001
3.52234823e+001	5.95929426e-001
3.54903269e+001	5.96249401e-001
3.57571714e+001	5.96569376e-001
3.60240160e+001	5.96889351e-001
3.62908606e+001	5.97209326e-001
3.65577051e+001	5.97529301e-001
3.68245497e+001	5.97849276e-001
3.70913943e+001	5.98169251e-001
3.73582388e+001	5.98489225e-001
3.76250834e+001	5.98809200e-001
3.78919280e+001	5.99129175e-001
3.81587725e+001	5.99449150e-001
3.84256171e+001	5.99769125e-001
3.86924616e+001	6.00089100e-001
3.89593062e+001	6.00409075e-001
3.92261508e+001	6.00729050e-001
3.94929953e+001	6.01049025e-001
3.97598399e+001	6.01369000e-001
4.00266845e+001	6.01688975e-001
4.02935290e+001	6.02008950e-001
4.05603736e+001	6.02328925e-001
4.08272181e+001	6.02648900e-001
4.10940627e+001	6.02968875e-001
4.13609073e+001	6.03288849e-001
4.16277518e+001	6.03608824e-001
4.18945964e+001	6.03928799e-001
4.21614410e+001	6.04248774e-001
4.24282855e+001	6.04568749e-001
4.26951301e+001	6.04888724e-001
4.29619746e+001	6.05208699e-001
4.32288192e+001	6.05528674e-001
4.34956638e+001	6.05848649e-001
4.37625083e+001	6.06168624e-001
4.40293529e+001	6.06488599e-001
4.42961975e+001	6.06808574e-001
4.45630420e+001	6.07128549e-001
4.48298866e+001	6.07448524e-001
4.50967312e+001	6.07768499e-001
4.53635757e+001	6.08088473e-001
4.56304203e+001	6.08408448e-001
4.58972648e+001	6.08728423e-001
4.61641094e+001	6.09048398e-001
4.64309540e+001	6.09368373e-001
4.66977985e+001	6.09688348e-001
4.69646431e+001	6.10008323e-001
4.72314877e+001	6.10328298e-001
4.74983322e+001	6.10648273e-001
4.77651768e+001	6.10968248e-001
4.80320213e+001	6.11288223e-001
4.82988659e+001	6.11608198e-001
4.85657105e+001	6.11928173e-001
4.88325550e+001	6.12248148e-001
4.90993996e+001	6.12568123e-001
4.93662442e+001	6.12888097e-001
4.96330887e+001	6.13208072e-001
4.98999333e+001	6.13528047e-001
5.01667779e+001	6.13798120e-001
5.04336224e+001	6.13861340e-001
5.07004670e+001	6.13924560e-001
5.09673115e+001	6.13987781e-001
5.12341561e+001	6.14051001e-001
5.15010007e+001	6.14114222e-001
5.17678452e+001	6.14177442e-001
5.20346898e+001	6.14240662e-001
5.23015344e+001	6.14303883e-001
5.25683789e+001	6.14367103e-001
5.28352235e+001	6.14430323e-001
5.31020680e+001	6.14493544e-001
5.33689126e+001	6.14556764e-001
5.36357572e+001	6.14619985e-001
5.39026017e+001	6.14683205e-001
5.41694463e+001	6.14746425e-001
5.44362909e+001	6.14809646e-001
5.47031354e+001	6.14872866e-001
5.49699800e+001	6.14936086e-001
5.52368245e+001	6.14999307e-001
5.55036691e+001	6.15062527e-001
5.57705137e+001	6.15125747e-001
5.60373582e+001	6.15188968e-001
5.63042028e+001	6.15252188e-001
5.65710474e+001	6.15315409e-001
5.68378919e+001	6.15378629e-001
5.71047365e+001	6.15441849e-001
5.73715811e+001	6.15505070e-001
5.76384256e+001	6.15568290e-001
5.79052702e+001	6.15631510e-001
5.81721147e+001	6.15694731e-001
5.84389593e+001	6.15757951e-001
5.87058039e+001	6.15821172e-001
5.89726484e+001	6.15884392e-001
5.92394930e+001	6.15947612e-001
5.95063376e+001	6.16010833e-001
5.97731821e+001	6.16074053e-001
6.00400267e+001	6.16137273e-001
6.03068712e+001	6.16200494e-001
6.05737158e+001	6.16263714e-001
6.08405604e+001	6.16326935e-001
6.11074049e+001	6.16390155e-001
6.13742495e+001	6.16453375e-001
6.16410941e+001	6.16516596e-001
6.19079386e+001	6.16579816e-001
6.21747832e+001	6.16643036e-001
6.24416278e+001	6.16706257e-001
6.27084723e+001	6.16769477e-001
6.29753169e+001	6.16832698e-001
6.32421614e+001	6.16895918e-001
6.35090060e+001	6.16959138e-001
6.37758506e+001	6.17022359e-001
6.40426951e+001	6.17085579e-001
6.43095397e+001	6.17148799e-001
6.45763843e+001	6.17212020e-001
6.48432288e+001	6.17275240e-001
6.51100734e+001	6.17338461e-001
6.53769179e+001	6.17401681e-001
6.56437625e+001	6.17464901e-001
6.59106071e+001	6.17528122e-001
6.61774516e+001	6.17591342e-001
6.64442962e+001	6.17654562e-001
6.67111408e+001	6.17717783e-001
6.69779853e+001	6.17781003e-001
6.72448299e+001	6.17844224e-001
6.75116744e+001	6.17907444e-001
6.77785190e+001	6.17970664e-001
6.80453636e+001	6.18033885e-001
6.83122081e+001	6.18097105e-001
6.85790527e+001	6.18160325e-001
6.88458973e+001	6.18223546e-001
6.91127418e+001	6.18242153e-001
6.93795864e+001	6.18260019e-001
6.96464310e+001	6.18277885e-001
6.99132755e+001	6.18295751e-001
7.01801201e+001	6.18313616e-001
7.04469646e+001	6.18331482e-001
7.07138092e+001	6.18349348e-001
7.09806538e+001	6.18367214e-001
7.12474983e+001	6.18385079e-001
7.15143429e+001	6.18402945e-001
7.17811875e+001	6.18420811e-001
7.20480320e+001	6.18438676e-001
7.23148766e+001	6.18456542e-001
7.25817211e+001	6.18474408e-001
7.28485657e+001	6.18492274e-001
7.31154103e+001	6.18510139e-001
7.33822548e+001	6.18528005e-001
7.36490994e+001	6.18545871e-001
7.39159440e+001	6.18563736e-001
7.41827885e+001	6.18581602e-001
7.44496331e+001	6.18599468e-001
7.47164777e+001	6.18617334e-001
7.49833222e+001	6.18635199e-001
7.52501668e+001	6.18653065e-001
7.55170113e+001	6.18670931e-001
7.57838559e+001	6.18688796e-001
7.60507005e+001	6.18706662e-001
7.63175450e+001	6.18724528e-001
7.65843896e+001	6.18742394e-001
7.68512342e+001	6.18760259e-001
7.71180787e+001	6.18778125e-001
7.73849233e+001	6.18795991e-001
7.76517678e+001	6.18813856e-001
7.79186124e+001	6.18831722e-001
7.81854570e+001	6.18849588e-001
7.84523015e+001	6.18867454e-001
7.87191461e+001	6.18885319e-001
7.89859907e+001	6.18903185e-001
7.92528352e+001	6.18921051e-001
7.95196798e+001	6.18938916e-001
7.97865243e+001	6.18956782e-001
8.00533689e+001	6.18974648e-001
8.03202135e+001	6.18992514e-001
8.05870580e+001	6.19010379e-001
8.08539026e+001	6.19028245e-001
8.11207472e+001	6.19046111e-001
8.13875917e+001	6.19063977e-001
8.16544363e+001	6.19081842e-001
8.19212809e+001	6.19099708e-001
8.21881254e+001	6.19117574e-001
8.24549700e+001	6.19135439e-001
8.27218145e+001	6.19153305e-001
8.29886591e+001	6.19171171e-001
8.32555037e+001	6.19189037e-001
8.35223482e+001	6.19206902e-001
8.37891928e+001	6.19224768e-001
8.40560374e+001	6.19242634e-001
8.43228819e+001	6.19260499e-001
8.45897265e+001	6.19278365e-001
8.48565710e+001	6.19296231e-001
8.51234156e+001	6.19314097e-001
8.53902602e+001	6.19331962e-001
8.56571047e+001	6.19349828e-001
8.59239493e+001	6.19367694e-001
8.61907939e+001	6.19385559e-001
8.64576384e+001	6.19403425e-001
8.67244830e+001	6.19421291e-001
8.69913276e+001	6.19439157e-001
8.72581721e+001	6.19457022e-001
8.75250167e+001	6.19474888e-001
8.77918612e+001	6.19470580e-001
8.80587058e+001	6.19459716e-001
8.83255504e+001	6.19448852e-001
8.85923949e+001	6.19437987e-001
8.88592395e+001	6.19427123e-001
8.91260841e+001	6.19416259e-001
8.93929286e+001	6.19405395e-001
8.96597732e+001	6.19394531e-001
8.99266177e+001	6.19383667e-001
9.01934623e+001	6.19372803e-001
9.04603069e+001	6.19361939e-001
9.07271514e+001	6.19351075e-001
9.09939960e+001	6.19340211e-001
9.12608406e+001	6.19329347e-001
9.15276851e+001	6.19318482e-001
9.17945297e+001	6.19307618e-001
9.20613742e+001	6.19296754e-001
9.23282188e+001	6.19285890e-001
9.25950634e+001	6.19275026e-001
9.28619079e+001	6.19264162e-001
9.31287525e+001	6.19253298e-001
9.33955971e+001	6.19242434e-001
9.36624416e+001	6.19231570e-001
9.39292862e+001	6.19220706e-001
9.41961308e+001	6.19209841e-001
9.44629753e+001	6.19198977e-001
9.47298199e+001	6.19188113e-001
9.49966644e+001	6.19177249e-001
9.52635090e+001	6.19166385e-001
9.55303536e+001	6.19155521e-001
9.57971981e+001	6.19144657e-001
9.60640427e+001	6.19133793e-001
9.63308873e+001	6.19122929e-001
9.65977318e+001	6.19112065e-001
9.68645764e+001	6.19101201e-001
9.71314209e+001	6.19090336e-001
9.73982655e+001	6.19079472e-001
9.76651101e+001	6.19068608e-001
9.79319546e+001	6.19057744e-001
9.81987992e+001	6.19046880e-001
9.84656438e+001	6.19036016e-001
9.87324883e+001	6.19025152e-001
9.89993329e+001	6.19014288e-001
9.92661775e+001	6.19003424e-001
9.95330220e+001	6.18992560e-001
9.97998666e+001	6.18981696e-001
1.00066711e+002	6.18970831e-001
1.00333556e+002	6.18959967e-001
1.00600400e+002	6.18949103e-001
1.00867245e+002	6.18938239e-001
1.01134089e+002	6.18927375e-001
1.01400934e+002	6.18916511e-001
1.01667779e+002	6.18905647e-001
1.01934623e+002	6.18894783e-001
1.02201468e+002	6.18883919e-001
1.02468312e+002	6.18873055e-001
1.02735157e+002	6.18862191e-001
1.03002001e+002	6.18851326e-001
1.03268846e+002	6.18840462e-001
1.03535690e+002	6.18829598e-001
1.03802535e+002	6.18818734e-001
1.04069380e+002	6.18807870e-001
1.04336224e+002	6.18797006e-001
1.04603069e+002	6.18786142e-001
1.04869913e+002	6.18775278e-001
1.05136758e+002	6.18764414e-001
1.05403602e+002	6.18753550e-001
1.05670447e+002	6.18742686e-001
1.05937292e+002	6.18731821e-001
1.06204136e+002	6.18720957e-001
1.06470981e+002	6.18708714e-001
1.06737825e+002	6.18695423e-001
1.07004670e+002	6.18682133e-001
1.07271514e+002	6.18668842e-001
1.07538359e+002	6.18655552e-001
1.07805203e+002	6.18642262e-001
1.08072048e+002	6.18628971e-001
1.08338893e+002	6.18615681e-001
1.08605737e+002	6.18602390e-001
1.08872582e+002	6.18589100e-001
1.09139426e+002	6.18575809e-001
1.09406271e+002	6.18562519e-001
1.09673115e+002	6.18549228e-001
1.09939960e+002	6.18535938e-001
1.10206805e+002	6.18522647e-001
1.10473649e+002	6.18509357e-001
1.10740494e+002	6.18496066e-001
1.11007338e+002	6.18482776e-001
1.11274183e+002	6.18469485e-001
1.11541027e+002	6.18456195e-001
1.11807872e+002	6.18442904e-001
1.12074716e+002	6.18429614e-001
1.12341561e+002	6.18416323e-001
1.12608406e+002	6.18403033e-001
1.12875250e+002	6.18389743e-001
1.13142095e+002	6.18376452e-001
1.13408939e+002	6.18363162e-001
1.13675784e+002	6.18349871e-001
1.13942628e+002	6.18336581e-001
1.14209473e+002	6.18323290e-001
1.14476318e+002	6.18310000e-001
1.14743162e+002	6.18296709e-001
1.15010007e+002	6.18283419e-001
1.15276851e+002	6.18270128e-001
1.15543696e+002	6.18256838e-001
1.15810540e+002	6.18243547e-001
1.16077385e+002	6.18230257e-001
1.16344229e+002	6.18216966e-001
1.16611074e+002	6.18203676e-001
1.16877919e+002	6.18190385e-001
1.17144763e+002	6.18177095e-001
1.17411608e+002	6.18163804e-001
1.17678452e+002	6.18150514e-001
1.17945297e+002	6.18137224e-001
1.18212141e+002	6.18123933e-001
1.18478986e+002	6.18110643e-001
1.18745831e+002	6.18097352e-001
1.19012675e+002	6.18084062e-001
1.19279520e+002	6.18070771e-001
1.19546364e+002	6.18057481e-001
1.19813209e+002	6.18044190e-001
1.20080053e+002	6.18030900e-001
1.20346898e+002	6.18017609e-001
1.20613742e+002	6.18004319e-001
1.20880587e+002	6.17991028e-001
1.21147432e+002	6.17977738e-001
1.21414276e+002	6.17964447e-001
1.21681121e+002	6.17951157e-001
1.21947965e+002	6.17937866e-001
1.22214810e+002	6.17924576e-001
1.22481654e+002	6.17911285e-001
1.22748499e+002	6.17897995e-001
1.23015344e+002	6.17884704e-001
1.23282188e+002	6.17871414e-001
1.23549033e+002	6.17858124e-001
1.23815877e+002	6.17844833e-001
1.24082722e+002	6.17831543e-001
1.24349566e+002	6.17818252e-001
1.24616411e+002	6.17804962e-001
1.24883256e+002	6.17791671e-001
1.25150100e+002	6.17777977e-001
1.25416945e+002	6.17763524e-001
1.25683789e+002	6.17749071e-001
1.25950634e+002	6.17734617e-001
1.26217478e+002	6.17720164e-001
1.26484323e+002	6.17705710e-001
1.26751167e+002	6.17691257e-001
1.27018012e+002	6.17676804e-001
1.27284857e+002	6.17662350e-001
1.27551701e+002	6.17647897e-001
1.27818546e+002	6.17633443e-001
1.28085390e+002	6.17618990e-001
1.28352235e+002	6.17604536e-001
1.28619079e+002	6.17590083e-001
1.28885924e+002	6.17575630e-001
1.29152769e+002	6.17561176e-001
1.29419613e+002	6.17546723e-001
1.29686458e+002	6.17532269e-001
1.29953302e+002	6.17517816e-001
1.30220147e+002	6.17503363e-001
1.30486991e+002	6.17488909e-001
1.30753836e+002	6.17474456e-001
1.31020680e+002	6.17460002e-001
1.31287525e+002	6.17445549e-001
1.31554370e+002	6.17431095e-001
1.31821214e+002	6.17416642e-001
1.32088059e+002	6.17402189e-001
1.32354903e+002	6.17387735e-001
1.32621748e+002	6.17373282e-001
1.32888592e+002	6.17358828e-001
1.33155437e+002	6.17344375e-001
1.33422282e+002	6.17329922e-001
1.33689126e+002	6.17315468e-001
1.33955971e+002	6.17301015e-001
1.34222815e+002	6.17286561e-001
1.34489660e+002	6.17272108e-001
1.34756504e+002	6.17257655e-001
1.35023349e+002	6.17243201e-001
1.35290193e+002	6.17228748e-001
1.35557038e+002	6.17214294e-001
1.35823883e+002	6.17199841e-001
1.36090727e+002	6.17185387e-001
1.36357572e+002	6.17170934e-001
1.36624416e+002	6.17156481e-001
1.36891261e+002	6.17142027e-001
1.37158105e+002	6.17127574e-001
1.37424950e+002	6.17113120e-001
1.37691795e+002	6.17098667e-001
1.37958639e+002	6.17084214e-001
1.38225484e+002	6.17069760e-001
1.38492328e+002	6.17055307e-001
1.38759173e+002	6.17040853e-001
1.39026017e+002	6.17026400e-001
1.39292862e+002	6.17011947e-001
1.39559706e+002	6.16997493e-001
1.39826551e+002	6.16983040e-001
1.40093396e+002	6.16968586e-001
1.40360240e+002	6.16954133e-001
1.40627085e+002	6.16939679e-001
1.40893929e+002	6.16925226e-001
1.41160774e+002	6.16910773e-001
1.41427618e+002	6.16896319e-001
1.41694463e+002	6.16881866e-001
1.41961308e+002	6.16867412e-001
1.42228152e+002	6.16852959e-001
1.42494997e+002	6.16838506e-001
1.42761841e+002	6.16824052e-001
1.43028686e+002	6.16809599e-001
1.43295530e+002	6.16795145e-001
1.43562375e+002	6.16780692e-001
1.43829219e+002	6.16766855e-001
1.44096064e+002	6.16756944e-001
1.44362909e+002	6.16747033e-001
1.44629753e+002	6.16737122e-001
1.44896598e+002	6.16727211e-001
1.45163442e+002	6.16717300e-001
1.45430287e+002	6.16707390e-001
1.45697131e+002	6.16697479e-001
1.45963976e+002	6.16687568e-001
1.46230821e+002	6.16677657e-001
1.46497665e+002	6.16667746e-001
1.46764510e+002	6.16657835e-001
1.47031354e+002	6.16647924e-001
1.47298199e+002	6.16638013e-001
1.47565043e+002	6.16628103e-001
1.47831888e+002	6.16618192e-001
1.48098732e+002	6.16608281e-001
1.48365577e+002	6.16598370e-001
1.48632422e+002	6.16588459e-001
1.48899266e+002	6.16578548e-001
1.49166111e+002	6.16568637e-001
1.49432955e+002	6.16558726e-001
1.49699800e+002	6.16548816e-001
1.49966644e+002	6.16538905e-001
1.50233489e+002	6.16528994e-001
1.50500334e+002	6.16519083e-001
1.50767178e+002	6.16509172e-001
1.51034023e+002	6.16499261e-001
1.51300867e+002	6.16489350e-001
1.51567712e+002	6.16479439e-001
1.51834556e+002	6.16469529e-001
1.52101401e+002	6.16459618e-001
1.52368245e+002	6.16449707e-001
1.52635090e+002	6.16439796e-001
1.52901935e+002	6.16429885e-001
1.53168779e+002	6.16419974e-001
1.53435624e+002	6.16410063e-001
1.53702468e+002	6.16400152e-001
1.53969313e+002	6.16390242e-001
1.54236157e+002	6.16380331e-001
1.54503002e+002	6.16370420e-001
1.54769847e+002	6.16360509e-001
1.55036691e+002	6.16350598e-001
1.55303536e+002	6.16340687e-001
1.55570380e+002	6.16330776e-001
1.55837225e+002	6.16320865e-001
1.56104069e+002	6.16310955e-001
1.56370914e+002	6.16301044e-001
1.56637759e+002	6.16291133e-001
1.56904603e+002	6.16281222e-001
1.57171448e+002	6.16271311e-001
1.57438292e+002	6.16261400e-001
1.57705137e+002	6.16251489e-001
1.57971981e+002	6.16241578e-001
1.58238826e+002	6.16231668e-001
1.58505670e+002	6.16221757e-001
1.58772515e+002	6.16211846e-001
1.59039360e+002	6.16201935e-001
1.59306204e+002	6.16192024e-001
1.59573049e+002	6.16182113e-001
1.59839893e+002	6.16172202e-001
1.60106738e+002	6.16162291e-001
1.60373582e+002	6.16152381e-001
1.60640427e+002	6.16142470e-001
1.60907272e+002	6.16132559e-001
1.61174116e+002	6.16122648e-001
1.61440961e+002	6.16112737e-001
1.61707805e+002	6.16102826e-001
1.61974650e+002	6.16092915e-001
1.62241494e+002	6.16083004e-001
1.62508339e+002	6.16073094e-001
1.62775183e+002	6.16067957e-001
1.63042028e+002	6.16063217e-001
1.63308873e+002	6.16058476e-001
1.63575717e+002	6.16053736e-001
1.63842562e+002	6.16048996e-001
1.64109406e+002	6.16044256e-001
1.64376251e+002	6.16039516e-001
1.64643095e+002	6.16034776e-001
1.64909940e+002	6.16030036e-001
1.65176785e+002	6.16025296e-001
1.65443629e+002	6.16020556e-001
1.65710474e+002	6.16015816e-001
1.65977318e+002	6.16011075e-001
1.66244163e+002	6.16006335e-001
1.66511007e+002	6.16001595e-001
1.66777852e+002	6.15996855e-001
1.67044696e+002	6.15992115e-001
1.67311541e+002	6.15987375e-001
1.67578386e+002	6.15982635e-001
1.67845230e+002	6.15977895e-001
1.68112075e+002	6.15973155e-001
1.68378919e+002	6.15968415e-001
1.68645764e+002	6.15963674e-001
1.68912608e+002	6.15958934e-001
1.69179453e+002	6.15954194e-001
1.69446298e+002	6.15949454e-001
1.69713142e+002	6.15944714e-001
1.69979987e+002	6.15939974e-001
1.70246831e+002	6.15935234e-001
1.70513676e+002	6.15930494e-001
1.70780520e+002	6.15925754e-001
1.71047365e+002	6.15921014e-001
1.71314209e+002	6.15916273e-001
1.71581054e+002	6.15911533e-001
1.71847899e+002	6.15906793e-001
1.72114743e+002	6.15902053e-001
1.72381588e+002	6.15897313e-001
1.72648432e+002	6.15892573e-001
1.72915277e+002	6.15887833e-001
1.73182121e+002	6.15883093e-001
1.73448966e+002	6.15878353e-001
1.73715811e+002	6.15873613e-001
1.73982655e+002	6.15868873e-001
1.74249500e+002	6.15864132e-001
1.74516344e+002	6.15859392e-001
1.74783189e+002	6.15854652e-001
1.75050033e+002	6.15849912e-001
1.75316878e+002	6.15845172e-001
1.75583722e+002	6.15840432e-001
1.75850567e+002	6.15835692e-001
1.76117412e+002	6.15830952e-001
1.76384256e+002	6.15826212e-001
1.76651101e+002	6.15821472e-001
1.76917945e+002	6.15816731e-001
1.77184790e+002	6.15811991e-001
1.77451634e+002	6.15807251e-001
1.77718479e+002	6.15802511e-001
1.77985324e+002	6.15797771e-001
1.78252168e+002	6.15793031e-001
1.78519013e+002	6.15788291e-001
1.78785857e+002	6.15783551e-001
1.79052702e+002	6.15778811e-001
1.79319546e+002	6.15774071e-001
1.79586391e+002	6.15769330e-001
1.79853235e+002	6.15764590e-001
1.80120080e+002	6.15759850e-001
1.80386925e+002	6.15755110e-001
1.80653769e+002	6.15750370e-001
1.80920614e+002	6.15745630e-001
1.81187458e+002	6.15740890e-001
1.81454303e+002	6.15738469e-001
1.81721147e+002	6.15736990e-001
1.81987992e+002	6.15735511e-001
1.82254837e+002	6.15734031e-001
1.82521681e+002	6.15732552e-001
1.82788526e+002	6.15731073e-001
1.83055370e+002	6.15729594e-001
1.83322215e+002	6.15728115e-001
1.83589059e+002	6.15726635e-001
1.83855904e+002	6.15725156e-001
1.84122748e+002	6.15723677e-001
1.84389593e+002	6.15722198e-001
1.84656438e+002	6.15720719e-001
1.84923282e+002	6.15719239e-001
1.85190127e+002	6.15717760e-001
1.85456971e+002	6.15716281e-001
1.85723816e+002	6.15714802e-001
1.85990660e+002	6.15713322e-001
1.86257505e+002	6.15711843e-001
1.86524350e+002	6.15710364e-001
1.86791194e+002	6.15708885e-001
1.87058039e+002	6.15707406e-001
1.87324883e+002	6.15705926e-001
1.87591728e+002	6.15704447e-001
1.87858572e+002	6.15702968e-001
1.88125417e+002	6.15701489e-001
1.88392262e+002	6.15700009e-001
1.88659106e+002	6.15698530e-001
1.88925951e+002	6.15697051e-001
1.89192795e+002	6.15695572e-001
1.89459640e+002	6.15694093e-001
1.89726484e+002	6.15692613e-001
1.89993329e+002	6.15691134e-001
1.90260173e+002	6.15689655e-001
1.90527018e+002	6.15688176e-001
1.90793863e+002	6.15686696e-001
1.91060707e+002	6.15685217e-001
1.91327552e+002	6.15683738e-001
1.91594396e+002	6.15682259e-001
1.91861241e+002	6.15680780e-001
1.92128085e+002	6.15679300e-001
1.92394930e+002	6.15677821e-001
1.92661775e+002	6.15676342e-001
1.92928619e+002	6.15674863e-001
1.93195464e+002	6.15673383e-001
1.93462308e+002	6.15671904e-001
1.93729153e+002	6.15670425e-001
1.93995997e+002	6.15668946e-001
1.94262842e+002	6.15667467e-001
1.94529686e+002	6.15665987e-001
1.94796531e+002	6.15664508e-001
1.95063376e+002	6.15663029e-001
1.95330220e+002	6.15661550e-001
1.95597065e+002	6.15660070e-001
1.95863909e+002	6.15658591e-001
1.96130754e+002	6.15657112e-001
1.96397598e+002	6.15655633e-001
1.96664443e+002	6.15654154e-001
1.96931288e+002	6.15652674e-001
1.97198132e+002	6.15651195e-001
1.97464977e+002	6.15649716e-001
1.97731821e+002	6.15648237e-001
1.97998666e+002	6.15646757e-001
1.98265510e+002	6.15645278e-001
1.98532355e+002	6.15643799e-001
1.98799199e+002	6.15642320e-001
1.99066044e+002	6.15640841e-001
1.99332889e+002	6.15639361e-001
1.99599733e+002	6.15637882e-001
1.99866578e+002	6.15636403e-001
2.00133422e+002	6.15636403e-001
2.00400267e+002	6.15637887e-001
2.00667111e+002	6.15639370e-001
2.00933956e+002	6.15640854e-001
2.01200801e+002	6.15642337e-001
2.01467645e+002	6.15643821e-001
2.01734490e+002	6.15645304e-001
2.02001334e+002	6.15646788e-001
2.02268179e+002	6.15648271e-001
2.02535023e+002	6.15649755e-001
2.02801868e+002	6.15651238e-001
2.03068712e+002	6.15652722e-001
2.03335557e+002	6.15654205e-001
2.03602402e+002	6.15655689e-001
2.03869246e+002	6.15657173e-001
2.04136091e+002	6.15658656e-001
2.04402935e+002	6.15660140e-001
2.04669780e+002	6.15661623e-001
2.04936624e+002	6.15663107e-001
2.05203469e+002	6.15664590e-001
2.05470314e+002	6.15666074e-001
2.05737158e+002	6.15667557e-001
2.06004003e+002	6.15669041e-001
2.06270847e+002	6.15670524e-001
2.06537692e+002	6.15672008e-001
2.06804536e+002	6.15673492e-001
2.07071381e+002	6.15674975e-001
2.07338225e+002	6.15676459e-001
2.07605070e+002	6.15677942e-001
2.07871915e+002	6.15679426e-001
2.08138759e+002	6.15680909e-001
2.08405604e+002	6.15682393e-001
2.08672448e+002	6.15683876e-001
2.08939293e+002	6.15685360e-001
2.09206137e+002	6.15686843e-001
2.09472982e+002	6.15688327e-001
2.09739827e+002	6.15689810e-001
2.10006671e+002	6.15691294e-001
2.10273516e+002	6.15692778e-001
2.10540360e+002	6.15694261e-001
2.10807205e+002	6.15695745e-001
2.11074049e+002	6.15697228e-001
2.11340894e+002	6.15698712e-001
2.11607738e+002	6.15700195e-001
2.11874583e+002	6.15701679e-001
2.12141428e+002	6.15703162e-001
2.12408272e+002	6.15704646e-001
2.12675117e+002	6.15706129e-001
2.12941961e+002	6.15707613e-001
2.13208806e+002	6.15709097e-001
2.13475650e+002	6.15710580e-001
2.13742495e+002	6.15712064e-001
2.14009340e+002	6.15713547e-001
2.14276184e+002	6.15715031e-001
2.14543029e+002	6.15716514e-001
2.14809873e+002	6.15717998e-001
2.15076718e+002	6.15719481e-001
2.15343562e+002	6.15720965e-001
2.15610407e+002	6.15722448e-001
2.15877252e+002	6.15723932e-001
2.16144096e+002	6.15725416e-001
2.16410941e+002	6.15726899e-001
2.16677785e+002	6.15728383e-001
2.16944630e+002	6.15729866e-001
2.17211474e+002	6.15731350e-001
2.17478319e+002	6.15732833e-001
2.17745163e+002	6.15734317e-001
2.18012008e+002	6.15735800e-001
2.18278853e+002	6.15737284e-001
2.18545697e+002	6.15738767e-001
2.18812542e+002	6.15741255e-001
2.19079386e+002	6.15746217e-001
2.19346231e+002	6.15751179e-001
2.19613075e+002	6.15756142e-001
2.19879920e+002	6.15761104e-001
2.20146765e+002	6.15766067e-001
2.20413609e+002	6.15771029e-001
2.20680454e+002	6.15775991e-001
2.20947298e+002	6.15780954e-001
2.21214143e+002	6.15785916e-001
2.21480987e+002	6.15790879e-001
2.21747832e+002	6.15795841e-001
2.22014676e+002	6.15800803e-001
2.22281521e+002	6.15805766e-001
2.22548366e+002	6.15810728e-001
2.22815210e+002	6.15815691e-001
2.23082055e+002	6.15820653e-001
2.23348899e+002	6.15825615e-001
2.23615744e+002	6.15830578e-001
2.23882588e+002	6.15835540e-001
2.24149433e+002	6.15840503e-001
2.24416278e+002	6.15845465e-001
2.24683122e+002	6.15850427e-001
2.24949967e+002	6.15855390e-001
2.25216811e+002	6.15860352e-001
2.25483656e+002	6.15865315e-001
2.25750500e+002	6.15870277e-001
2.26017345e+002	6.15875240e-001
2.26284189e+002	6.15880202e-001
2.26551034e+002	6.15885164e-001
2.26817879e+002	6.15890127e-001
2.27084723e+002	6.15895089e-001
2.27351568e+002	6.15900052e-001
2.27618412e+002	6.15905014e-001
2.27885257e+002	6.15909976e-001
2.28152101e+002	6.15914939e-001
2.28418946e+002	6.15919901e-001
2.28685791e+002	6.15924864e-001
2.28952635e+002	6.15929826e-001
2.29219480e+002	6.15934788e-001
2.29486324e+002	6.15939751e-001
2.29753169e+002	6.15944713e-001
2.30020013e+002	6.15949676e-001
2.30286858e+002	6.15954638e-001
2.30553702e+002	6.15959600e-001
2.30820547e+002	6.15964563e-001
2.31087392e+002	6.15969525e-001
2.31354236e+002	6.15974488e-001
2.31621081e+002	6.15979450e-001
2.31887925e+002	6.15984412e-001
2.32154770e+002	6.15989375e-001
2.32421614e+002	6.15994337e-001
2.32688459e+002	6.15999300e-001
2.32955304e+002	6.16004262e-001
2.33222148e+002	6.16009224e-001
2.33488993e+002	6.16014187e-001
2.33755837e+002	6.16019149e-001
2.34022682e+002	6.16024112e-001
2.34289526e+002	6.16029074e-001
2.34556371e+002	6.16034036e-001
2.34823215e+002	6.16038999e-001
2.35090060e+002	6.16043961e-001
2.35356905e+002	6.16048924e-001
2.35623749e+002	6.16053886e-001
2.35890594e+002	6.16058848e-001
2.36157438e+002	6.16063811e-001
2.36424283e+002	6.16068773e-001
2.36691127e+002	6.16073736e-001
2.36957972e+002	6.16078698e-001
2.37224817e+002	6.16083660e-001
2.37491661e+002	6.16088966e-001
2.37758506e+002	6.16098401e-001
2.38025350e+002	6.16107835e-001
2.38292195e+002	6.16117270e-001
2.38559039e+002	6.16126705e-001
2.38825884e+002	6.16136140e-001
2.39092728e+002	6.16145574e-001
2.39359573e+002	6.16155009e-001
2.39626418e+002	6.16164444e-001
2.39893262e+002	6.16173879e-001
2.40160107e+002	6.16183313e-001
2.40426951e+002	6.16192748e-001
2.40693796e+002	6.16202183e-001
2.40960640e+002	6.16211618e-001
2.41227485e+002	6.16221052e-001
2.41494330e+002	6.16230487e-001
2.41761174e+002	6.16239922e-001
2.42028019e+002	6.16249357e-001
2.42294863e+002	6.16258791e-001
2.42561708e+002	6.16268226e-001
2.42828552e+002	6.16277661e-001
2.43095397e+002	6.16287095e-001
2.43362241e+002	6.16296530e-001
2.43629086e+002	6.16305965e-001
2.43895931e+002	6.16315400e-001
2.44162775e+002	6.16324834e-001
2.44429620e+002	6.16334269e-001
2.44696464e+002	6.16343704e-001
2.44963309e+002	6.16353139e-001
2.45230153e+002	6.16362573e-001
2.45496998e+002	6.16372008e-001
2.45763843e+002	6.16381443e-001
2.46030687e+002	6.16390878e-001
2.46297532e+002	6.16400312e-001
2.46564376e+002	6.16409747e-001
2.46831221e+002	6.16419182e-001
2.47098065e+002	6.16428617e-001
2.47364910e+002	6.16438051e-001
2.47631755e+002	6.16447486e-001
2.47898599e+002	6.16456921e-001
2.48165444e+002	6.16466355e-001
2.48432288e+002	6.16475790e-001
2.48699133e+002	6.16485225e-001
2.48965977e+002	6.16494660e-001
2.49232822e+002	6.16504094e-001
2.49499666e+002	6.16513529e-001
2.49766511e+002	6.16522964e-001
2.50033356e+002	6.16532399e-001
2.50300200e+002	6.16541833e-001
2.50567045e+002	6.16551268e-001
2.50833889e+002	6.16560703e-001
2.51100734e+002	6.16570138e-001
2.51367578e+002	6.16579572e-001
2.51634423e+002	6.16589007e-001
2.51901268e+002	6.16598442e-001
2.52168112e+002	6.16607877e-001
2.52434957e+002	6.16617311e-001
2.52701801e+002	6.16626746e-001
2.52968646e+002	6.16636181e-001
2.53235490e+002	6.16645615e-001
2.53502335e+002	6.16655050e-001
2.53769179e+002	6.16664485e-001
2.54036024e+002	6.16673920e-001
2.54302869e+002	6.16683354e-001
2.54569713e+002	6.16692789e-001
2.54836558e+002	6.16702224e-001
2.55103402e+002	6.16711659e-001
2.55370247e+002	6.16721093e-001
2.55637091e+002	6.16730528e-001
2.55903936e+002	6.16739963e-001
2.56170781e+002	6.16749398e-001
2.56437625e+002	6.16761709e-001
2.56704470e+002	6.16774465e-001
2.56971314e+002	6.16787222e-001
2.57238159e+002	6.16799978e-001
2.57505003e+002	6.16812735e-001
2.57771848e+002	6.16825491e-001
2.58038692e+002	6.16838248e-001
2.58305537e+002	6.16851004e-001
2.58572382e+002	6.16863760e-001
2.58839226e+002	6.16876517e-001
2.59106071e+002	6.16889273e-001
2.59372915e+002	6.16902030e-001
2.59639760e+002	6.16914786e-001
2.59906604e+002	6.16927543e-001
2.60173449e+002	6.16940299e-001
2.60440294e+002	6.16953056e-001
2.60707138e+002	6.16965812e-001
2.60973983e+002	6.16978568e-001
2.61240827e+002	6.16991325e-001
2.61507672e+002	6.17004081e-001
2.61774516e+002	6.17016838e-001
2.62041361e+002	6.17029594e-001
2.62308205e+002	6.17042351e-001
2.62575050e+002	6.17055107e-001
2.62841895e+002	6.17067864e-001
2.63108739e+002	6.17080620e-001
2.63375584e+002	6.17093377e-001
2.63642428e+002	6.17106133e-001
2.63909273e+002	6.17118889e-001
2.64176117e+002	6.17131646e-001
2.64442962e+002	6.17144402e-001
2.64709807e+002	6.17157159e-001
2.64976651e+002	6.17169915e-001
2.65243496e+002	6.17182672e-001
2.65510340e+002	6.17195428e-001
2.65777185e+002	6.17208185e-001
2.66044029e+002	6.17220941e-001
2.66310874e+002	6.17233697e-001
2.66577718e+002	6.17246454e-001
2.66844563e+002	6.17259210e-001
2.67111408e+002	6.17271967e-001
2.67378252e+002	6.17284723e-001
2.67645097e+002	6.17297480e-001
2.67911941e+002	6.17310236e-001
2.68178786e+002	6.17322993e-001
2.68445630e+002	6.17335749e-001
2.68712475e+002	6.17348505e-001
2.68979320e+002	6.17361262e-001
2.69246164e+002	6.17374018e-001
2.69513009e+002	6.17386775e-001
2.69779853e+002	6.17399531e-001
2.70046698e+002	6.17412288e-001
2.70313542e+002	6.17425044e-001
2.70580387e+002	6.17437801e-001
2.70847231e+002	6.17450557e-001
2.71114076e+002	6.17463313e-001
2.71380921e+002	6.17476070e-001
2.71647765e+002	6.17488826e-001
2.71914610e+002	6.17501583e-001
2.72181454e+002	6.17514339e-001
2.72448299e+002	6.17527096e-001
2.72715143e+002	6.17539852e-001
2.72981988e+002	6.17552609e-001
2.73248833e+002	6.17565365e-001
2.73515677e+002	6.17578121e-001
2.73782522e+002	6.17590878e-001
2.74049366e+002	6.17603634e-001
2.74316211e+002	6.17616391e-001
2.74583055e+002	6.17629147e-001
2.74849900e+002	6.17641904e-001
2.75116744e+002	6.17655645e-001
2.75383589e+002	6.17669913e-001
2.75650434e+002	6.17684182e-001
2.75917278e+002	6.17698450e-001
2.76184123e+002	6.17712718e-001
2.76450967e+002	6.17726986e-001
2.76717812e+002	6.17741255e-001
2.76984656e+002	6.17755523e-001
2.77251501e+002	6.17769791e-001
2.77518346e+002	6.17784059e-001
2.77785190e+002	6.17798327e-001
2.78052035e+002	6.17812596e-001
2.78318879e+002	6.17826864e-001
2.78585724e+002	6.17841132e-001
2.78852568e+002	6.17855400e-001
2.79119413e+002	6.17869669e-001
2.79386258e+002	6.17883937e-001
2.79653102e+002	6.17898205e-001
2.79919947e+002	6.17912473e-001
2.80186791e+002	6.17926741e-001
2.80453636e+002	6.17941010e-001
2.80720480e+002	6.17955278e-001
2.80987325e+002	6.17969546e-001
2.81254169e+002	6.17983814e-001
2.81521014e+002	6.17998082e-001
2.81787859e+002	6.18012351e-001
2.82054703e+002	6.18026619e-001
2.82321548e+002	6.18040887e-001
2.82588392e+002	6.18055155e-001
2.82855237e+002	6.18069424e-001
2.83122081e+002	6.18083692e-001
2.83388926e+002	6.18097960e-001
2.83655771e+002	6.18112228e-001
2.83922615e+002	6.18126496e-001
2.84189460e+002	6.18140765e-001
2.84456304e+002	6.18155033e-001
2.84723149e+002	6.18169301e-001
2.84989993e+002	6.18183569e-001
2.85256838e+002	6.18197838e-001
2.85523682e+002	6.18212106e-001
2.85790527e+002	6.18226374e-001
2.86057372e+002	6.18240642e-001
2.86324216e+002	6.18254910e-001
2.86591061e+002	6.18269179e-001
2.86857905e+002	6.18283447e-001
2.87124750e+002	6.18297715e-001
2.87391594e+002	6.18311983e-001
2.87658439e+002	6.18326251e-001
2.87925284e+002	6.18340520e-001
2.88192128e+002	6.18354788e-001
2.88458973e+002	6.18369056e-001
2.88725817e+002	6.18383324e-001
2.88992662e+002	6.18397593e-001
2.89259506e+002	6.18411861e-001
2.89526351e+002	6.18426129e-001
2.89793195e+002	6.18440397e-001
2.90060040e+002	6.18454665e-001
2.90326885e+002	6.18468934e-001
2.90593729e+002	6.18483202e-001
2.90860574e+002	6.18497470e-001
2.91127418e+002	6.18511738e-001
2.91394263e+002	6.18526007e-001
2.91661107e+002	6.18540275e-001
2.91927952e+002	6.18554543e-001
2.92194797e+002	6.18568811e-001
2.92461641e+002	6.18583079e-001
2.92728486e+002	6.18597348e-001
2.92995330e+002	6.18611616e-001
2.93262175e+002	6.18625884e-001
2.93529019e+002	6.18640152e-001
2.93795864e+002	6.18653045e-001
2.94062708e+002	6.18664158e-001
2.94329553e+002	6.18675270e-001
2.94596398e+002	6.18686383e-001
2.94863242e+002	6.18697496e-001
2.95130087e+002	6.18708608e-001
2.95396931e+002	6.18719721e-001
2.95663776e+002	6.18730834e-001
2.95930620e+002	6.18741947e-001
2.96197465e+002	6.18753059e-001
2.96464310e+002	6.18764172e-001
2.96731154e+002	6.18775285e-001
2.96997999e+002	6.18786397e-001
2.97264843e+002	6.18797510e-001
2.97531688e+002	6.18808623e-001
2.97798532e+002	6.18819736e-001
2.98065377e+002	6.18830848e-001
2.98332221e+002	6.18841961e-001
2.98599066e+002	6.18853074e-001
2.98865911e+002	6.18864186e-001
2.99132755e+002	6.18875299e-001
2.99399600e+002	6.18886412e-001
2.99666444e+002	6.18897525e-001
2.99933289e+002	6.18908637e-001
3.00200133e+002	6.18919750e-001
3.00466978e+002	6.18930863e-001
3.00733823e+002	6.18941976e-001
3.01000667e+002	6.18953088e-001
3.01267512e+002	6.18964201e-001
3.01534356e+002	6.18975314e-001
3.01801201e+002	6.18986426e-001
3.02068045e+002	6.18997539e-001
3.02334890e+002	6.19008652e-001
3.02601734e+002	6.19019765e-001
3.02868579e+002	6.19030877e-001
3.03135424e+002	6.19041990e-001
3.03402268e+002	6.19053103e-001
3.03669113e+002	6.19064215e-001
3.03935957e+002	6.19075328e-001
3.04202802e+002	6.19086441e-001
3.04469646e+002	6.19097554e-001
3.04736491e+002	6.19108666e-001
3.05003336e+002	6.19119779e-001
3.05270180e+002	6.19130892e-001
3.05537025e+002	6.19142004e-001
3.05803869e+002	6.19153117e-001
3.06070714e+002	6.19164230e-001
3.06337558e+002	6.19175343e-001
3.06604403e+002	6.19186455e-001
3.06871247e+002	6.19197568e-001
3.07138092e+002	6.19208681e-001
3.07404937e+002	6.19219794e-001
3.07671781e+002	6.19230906e-001
3.07938626e+002	6.19242019e-001
3.08205470e+002	6.19253132e-001
3.08472315e+002	6.19264244e-001
3.08739159e+002	6.19275357e-001
3.09006004e+002	6.19286470e-001
3.09272849e+002	6.19297583e-001
3.09539693e+002	6.19308695e-001
3.09806538e+002	6.19319808e-001
3.10073382e+002	6.19330921e-001
3.10340227e+002	6.19342033e-001
3.10607071e+002	6.19353146e-001
3.10873916e+002	6.19364259e-001
3.11140761e+002	6.19375372e-001
3.11407605e+002	6.19386484e-001
3.11674450e+002	6.19397597e-001
3.11941294e+002	6.19408710e-001
3.12208139e+002	6.19419822e-001
3.12474983e+002	6.19426642e-001
3.12741828e+002	6.19418974e-001
3.13008672e+002	6.19411306e-001
3.13275517e+002	6.19403638e-001
3.13542362e+002	6.19395970e-001
3.13809206e+002	6.19388301e-001
3.14076051e+002	6.19380633e-001
3.14342895e+002	6.19372965e-001
3.14609740e+002	6.19365297e-001
3.14876584e+002	6.19357628e-001
3.15143429e+002	6.19349960e-001
3.15410274e+002	6.19342292e-001
3.15677118e+002	6.19334624e-001
3.15943963e+002	6.19326956e-001
3.16210807e+002	6.19319287e-001
3.16477652e+002	6.19311619e-001
3.16744496e+002	6.19303951e-001
3.17011341e+002	6.19296283e-001
3.17278185e+002	6.19288615e-001
3.17545030e+002	6.19280946e-001
3.17811875e+002	6.19273278e-001
3.18078719e+002	6.19265610e-001
3.18345564e+002	6.19257942e-001
3.18612408e+002	6.19250273e-001
3.18879253e+002	6.19242605e-001
3.19146097e+002	6.19234937e-001
3.19412942e+002	6.19227269e-001
3.19679787e+002	6.19219601e-001
3.19946631e+002	6.19211932e-001
3.20213476e+002	6.19204264e-001
3.20480320e+002	6.19196596e-001
3.20747165e+002	6.19188928e-001
3.21014009e+002	6.19181259e-001
3.21280854e+002	6.19173591e-001
3.21547698e+002	6.19165923e-001
3.21814543e+002	6.19158255e-001
3.22081388e+002	6.19150587e-001
3.22348232e+002	6.19142918e-001
3.22615077e+002	6.19135250e-001
3.22881921e+002	6.19127582e-001
3.23148766e+002	6.19119914e-001
3.23415610e+002	6.19112245e-001
3.23682455e+002	6.19104577e-001
3.23949300e+002	6.19096909e-001
3.24216144e+002	6.19089241e-001
3.24482989e+002	6.19081573e-001
3.24749833e+002	6.19073904e-001
3.25016678e+002	6.19066236e-001
3.25283522e+002	6.19058568e-001
3.25550367e+002	6.19050900e-001
3.25817211e+002	6.19043232e-001
3.26084056e+002	6.19035563e-001
3.26350901e+002	6.19027895e-001
3.26617745e+002	6.19020227e-001
3.26884590e+002	6.19012559e-001
3.27151434e+002	6.19004890e-001
3.27418279e+002	6.18997222e-001
3.27685123e+002	6.18989554e-001
3.27951968e+002	6.18981886e-001
3.28218813e+002	6.18974218e-001
3.28485657e+002	6.18966549e-001
3.28752502e+002	6.18958881e-001
3.29019346e+002	6.18951213e-001
3.29286191e+002	6.18943545e-001
3.29553035e+002	6.18935876e-001
3.29819880e+002	6.18928208e-001
3.30086724e+002	6.18920540e-001
3.30353569e+002	6.18912872e-001
3.30620414e+002	6.18905204e-001
3.30887258e+002	6.18897535e-001
3.31154103e+002	6.18889042e-001
3.31420947e+002	6.18835632e-001
3.31687792e+002	6.18782222e-001
3.31954636e+002	6.18728811e-001
3.32221481e+002	6.18675401e-001
3.32488326e+002	6.18621991e-001
3.32755170e+002	6.18568581e-001
3.33022015e+002	6.18515171e-001
3.33288859e+002	6.18461761e-001
3.33555704e+002	6.18408351e-001
3.33822548e+002	6.18354941e-001
3.34089393e+002	6.18301530e-001
3.34356237e+002	6.18248120e-001
3.34623082e+002	6.18194710e-001
3.34889927e+002	6.18141300e-001
3.35156771e+002	6.18087890e-001
3.35423616e+002	6.18034480e-001
3.35690460e+002	6.17981070e-001
3.35957305e+002	6.17927660e-001
3.36224149e+002	6.17874249e-001
3.36490994e+002	6.17820839e-001
3.36757839e+002	6.17767429e-001
3.37024683e+002	6.17714019e-001
3.37291528e+002	6.17660609e-001
3.37558372e+002	6.17607199e-001
3.37825217e+002	6.17553789e-001
3.38092061e+002	6.17500378e-001
3.38358906e+002	6.17446968e-001
3.38625751e+002	6.17393558e-001
3.38892595e+002	6.17340148e-001
3.39159440e+002	6.17286738e-001
3.39426284e+002	6.17233328e-001
3.39693129e+002	6.17179918e-001
3.39959973e+002	6.17126508e-001
3.40226818e+002	6.17073097e-001
3.40493662e+002	6.17019687e-001
3.40760507e+002	6.16966277e-001
3.41027352e+002	6.16912867e-001
3.41294196e+002	6.16859457e-001
3.41561041e+002	6.16806047e-001
3.41827885e+002	6.16752637e-001
3.42094730e+002	6.16699227e-001
3.42361574e+002	6.16645816e-001
3.42628419e+002	6.16592406e-001
3.42895264e+002	6.16538996e-001
3.43162108e+002	6.16485586e-001
3.43428953e+002	6.16432176e-001
3.43695797e+002	6.16378766e-001
3.43962642e+002	6.16325356e-001
3.44229486e+002	6.16271946e-001
3.44496331e+002	6.16218535e-001
3.44763175e+002	6.16165125e-001
3.45030020e+002	6.16111715e-001
3.45296865e+002	6.16058305e-001
3.45563709e+002	6.16004895e-001
3.45830554e+002	6.15951485e-001
3.46097398e+002	6.15898075e-001
3.46364243e+002	6.15844664e-001
3.46631087e+002	6.15791254e-001
3.46897932e+002	6.15737844e-001
3.47164777e+002	6.15684434e-001
3.47431621e+002	6.15631024e-001
3.47698466e+002	6.15577614e-001
3.47965310e+002	6.15524204e-001
3.48232155e+002	6.15470794e-001
3.48498999e+002	6.15417383e-001
3.48765844e+002	6.15363973e-001
3.49032688e+002	6.15310563e-001
3.49299533e+002	6.15257153e-001
3.49566378e+002	6.15203743e-001
3.49833222e+002	6.15150333e-001
3.50100067e+002	6.14911785e-001
3.50366911e+002	6.14628730e-001
3.50633756e+002	6.14345675e-001
3.50900600e+002	6.14062621e-001
3.51167445e+002	6.13779566e-001
3.51434290e+002	6.13496511e-001
3.51701134e+002	6.13213456e-001
3.51967979e+002	6.12930401e-001
3.52234823e+002	6.12647346e-001
3.52501668e+002	6.12364291e-001
3.52768512e+002	6.12081236e-001
3.53035357e+002	6.11798182e-001
3.53302201e+002	6.11515127e-001
3.53569046e+002	6.11232072e-001
3.53835891e+002	6.10949017e-001
3.54102735e+002	6.10665962e-001
3.54369580e+002	6.10382907e-001
3.54636424e+002	6.10099852e-001
3.54903269e+002	6.09816797e-001
3.55170113e+002	6.09533742e-001
3.55436958e+002	6.09250688e-001
3.55703803e+002	6.08967633e-001
3.55970647e+002	6.08684578e-001
3.56237492e+002	6.08401523e-001
3.56504336e+002	6.08118468e-001
3.56771181e+002	6.07835413e-001
3.57038025e+002	6.07552358e-001
3.57304870e+002	6.07269303e-001
3.57571714e+002	6.06986249e-001
3.57838559e+002	6.06703194e-001
3.58105404e+002	6.06420139e-001
3.58372248e+002	6.06137084e-001
3.58639093e+002	6.05854029e-001
3.58905937e+002	6.05570974e-001
3.59172782e+002	6.05287919e-001
3.59439626e+002	6.05004864e-001
3.59706471e+002	6.04721810e-001
3.59973316e+002	6.04438755e-001
3.60240160e+002	6.04155700e-001
3.60507005e+002	6.03872645e-001
3.60773849e+002	6.03589590e-001
3.61040694e+002	6.03306535e-001
3.61307538e+002	6.03023480e-001
3.61574383e+002	6.02740425e-001
3.61841227e+002	6.02457371e-001
3.62108072e+002	6.02174316e-001
3.62374917e+002	6.01891261e-001
3.62641761e+002	6.01608206e-001
3.62908606e+002	6.01325151e-001
3.63175450e+002	6.01042096e-001
3.63442295e+002	6.00759041e-001
3.63709139e+002	6.00475986e-001
3.63975984e+002	6.00192932e-001
3.64242829e+002	5.99909877e-001
3.64509673e+002	5.99626822e-001
3.64776518e+002	5.99343767e-001
3.65043362e+002	5.99060712e-001
3.65310207e+002	5.98777657e-001
3.65577051e+002	5.98494602e-001
3.65843896e+002	5.98211547e-001
3.66110740e+002	5.97928493e-001
3.66377585e+002	5.97645438e-001
3.66644430e+002	5.97362383e-001
3.66911274e+002	5.97079328e-001
3.67178119e+002	5.96796273e-001
3.67444963e+002	5.96513218e-001
3.67711808e+002	5.96230163e-001
3.67978652e+002	5.95947108e-001
3.68245497e+002	5.95664054e-001
3.68512342e+002	5.95380999e-001
3.68779186e+002	5.94717182e-001
3.69046031e+002	5.93791706e-001
3.69312875e+002	5.92866230e-001
3.69579720e+002	5.91940753e-001
3.69846564e+002	5.91015277e-001
3.70113409e+002	5.90089800e-001
3.70380254e+002	5.89164324e-001
3.70647098e+002	5.88238847e-001
3.70913943e+002	5.87313371e-001
3.71180787e+002	5.86387894e-001
3.71447632e+002	5.85462418e-001
3.71714476e+002	5.84536941e-001
3.71981321e+002	5.83611465e-001
3.72248165e+002	5.82685988e-001
3.72515010e+002	5.81760512e-001
3.72781855e+002	5.80835036e-001
3.73048699e+002	5.79909559e-001
3.73315544e+002	5.78984083e-001
3.73582388e+002	5.78058606e-001
3.73849233e+002	5.77133130e-001
3.74116077e+002	5.76207653e-001
3.74382922e+002	5.75282177e-001
3.74649767e+002	5.74356700e-001
3.74916611e+002	5.73431224e-001
3.75183456e+002	5.72505747e-001
3.75450300e+002	5.71580271e-001
3.75717145e+002	5.70654794e-001
3.75983989e+002	5.69729318e-001
3.76250834e+002	5.68803842e-001
3.76517678e+002	5.67878365e-001
3.76784523e+002	5.66952889e-001
3.77051368e+002	5.66027412e-001
3.77318212e+002	5.65101936e-001
3.77585057e+002	5.64176459e-001
3.77851901e+002	5.63250983e-001
3.78118746e+002	5.62325506e-001
3.78385590e+002	5.61400030e-001
3.78652435e+002	5.60474553e-001
3.78919280e+002	5.59549077e-001
3.79186124e+002	5.58623600e-001
3.79452969e+002	5.57698124e-001
3.79719813e+002	5.56772648e-001
3.79986658e+002	5.55847171e-001
3.80253502e+002	5.54921695e-001
3.80520347e+002	5.53996218e-001
3.80787191e+002	5.53070742e-001
3.81054036e+002	5.52145265e-001
3.81320881e+002	5.51219789e-001
3.81587725e+002	5.50294312e-001
3.81854570e+002	5.49368836e-001
3.82121414e+002	5.48443359e-001
3.82388259e+002	5.47517883e-001
3.82655103e+002	5.46592406e-001
3.82921948e+002	5.45666930e-001
3.83188793e+002	5.44741454e-001
3.83455637e+002	5.43815977e-001
3.83722482e+002	5.42890501e-001
3.83989326e+002	5.41965024e-001
3.84256171e+002	5.41039548e-001
3.84523015e+002	5.40114071e-001
3.84789860e+002	5.39188595e-001
3.85056704e+002	5.38263118e-001
3.85323549e+002	5.37337642e-001
3.85590394e+002	5.36412165e-001
3.85857238e+002	5.35486689e-001
3.86124083e+002	5.34561212e-001
3.86390927e+002	5.33635736e-001
3.86657772e+002	5.32710260e-001
3.86924616e+002	5.31784783e-001
3.87191461e+002	5.30859307e-001
3.87458306e+002	5.29309761e-001
3.87725150e+002	5.26751756e-001
3.87991995e+002	5.24193751e-001
3.88258839e+002	5.21635747e-001
3.88525684e+002	5.19077742e-001
3.88792528e+002	5.16519737e-001
3.89059373e+002	5.13961732e-001
3.89326217e+002	5.11403728e-001
3.89593062e+002	5.08845723e-001
3.89859907e+002	5.06287718e-001
3.90126751e+002	5.03729713e-001
3.90393596e+002	5.01171709e-001
3.90660440e+002	4.98613704e-001
3.90927285e+002	4.96055699e-001
3.91194129e+002	4.93497694e-001
3.91460974e+002	4.90939690e-001
3.91727819e+002	4.88381685e-001
3.91994663e+002	4.85823680e-001
3.92261508e+002	4.83265675e-001
3.92528352e+002	4.80707671e-001
3.92795197e+002	4.78149666e-001
3.93062041e+002	4.75591661e-001
3.93328886e+002	4.73033657e-001
3.93595730e+002	4.70475652e-001
3.93862575e+002	4.67917647e-001
3.94129420e+002	4.65359642e-001
3.94396264e+002	4.62801638e-001
3.94663109e+002	4.60243633e-001
3.94929953e+002	4.57685628e-001
3.95196798e+002	4.55127623e-001
3.95463642e+002	4.52569619e-001
3.95730487e+002	4.50011614e-001
3.95997332e+002	4.47453609e-001
3.96264176e+002	4.44895604e-001
3.96531021e+002	4.42337600e-001
3.96797865e+002	4.39603001e-001
3.97064710e+002	4.36397063e-001
3.97331554e+002	4.33191125e-001
3.97598399e+002	4.29985188e-001
3.97865243e+002	4.26779250e-001
3.98132088e+002	4.23573312e-001
3.98398933e+002	4.20367374e-001
3.98665777e+002	4.17161437e-001
3.98932622e+002	4.13955499e-001
3.99199466e+002	4.10749561e-001
3.99466311e+002	4.07543624e-001
3.99733155e+002	4.04337686e-001
4.00000000e+002	4.01131748e-001
