0.00000000e+000	6.17916757e-001	
1.33422282e-001	6.17916376e-001
2.66844563e-001	6.17915996e-001
4.00266845e-001	6.17915616e-001
5.33689126e-001	6.17915235e-001
6.67111408e-001	6.17914855e-001
8.00533689e-001	6.17914475e-001
9.33955971e-001	6.17914095e-001
1.06737825e+000	6.17913714e-001
1.20080053e+000	6.17913334e-001
1.33422282e+000	6.17912954e-001
1.46764510e+000	6.17912573e-001
1.60106738e+000	6.17912193e-001
1.73448966e+000	6.17911813e-001
1.86791194e+000	6.17911433e-001
2.00133422e+000	6.17911052e-001
2.13475650e+000	6.17910672e-001
2.26817879e+000	6.17910292e-001
2.40160107e+000	6.17909911e-001
2.53502335e+000	6.17909531e-001
2.66844563e+000	6.17909151e-001
2.80186791e+000	6.17908771e-001
2.93529019e+000	6.17908390e-001
3.06871247e+000	6.17908010e-001
3.20213476e+000	6.17907630e-001
3.33555704e+000	6.17907249e-001
3.46897932e+000	6.17906869e-001
3.60240160e+000	6.17906489e-001
3.73582388e+000	6.17906109e-001
3.86924616e+000	6.17905728e-001
4.00266845e+000	6.17905348e-001
4.13609073e+000	6.17904968e-001
4.26951301e+000	6.17904588e-001
4.40293529e+000	6.17904207e-001
4.53635757e+000	6.17903827e-001
4.66977985e+000	6.17903447e-001
4.80320213e+000	6.17903066e-001
4.93662442e+000	6.17902686e-001
5.07004670e+000	6.17902306e-001
5.20346898e+000	6.17901926e-001
5.33689126e+000	6.17901545e-001
5.47031354e+000	6.17901165e-001
5.60373582e+000	6.17900785e-001
5.73715811e+000	6.17900404e-001
5.87058039e+000	6.17900024e-001
6.00400267e+000	6.17899644e-001
6.13742495e+000	6.17899264e-001
6.27084723e+000	6.17898883e-001
6.40426951e+000	6.17898503e-001
6.53769179e+000	6.17898123e-001
6.67111408e+000	6.17897742e-001
6.80453636e+000	6.17897362e-001
6.93795864e+000	6.17896982e-001
7.07138092e+000	6.17896602e-001
7.20480320e+000	6.17896221e-001
7.33822548e+000	6.17895841e-001
7.47164777e+000	6.17895461e-001
7.60507005e+000	6.17895080e-001
7.73849233e+000	6.17894700e-001
7.87191461e+000	6.17894320e-001
8.00533689e+000	6.17893940e-001
8.13875917e+000	6.17893559e-001
8.27218145e+000	6.17893179e-001
8.40560374e+000	6.17892799e-001
8.53902602e+000	6.17892418e-001
8.67244830e+000	6.17892038e-001
8.80587058e+000	6.17891658e-001
8.93929286e+000	6.17891278e-001
9.07271514e+000	6.17890897e-001
9.20613742e+000	6.17890517e-001
9.33955971e+000	6.17890137e-001
9.47298199e+000	6.17889756e-001
9.60640427e+000	6.17889376e-001
9.73982655e+000	6.17888996e-001
9.87324883e+000	6.17888616e-001
1.00066711e+001	6.17888235e-001
1.01400934e+001	6.17887855e-001
1.02735157e+001	6.17887475e-001
1.04069380e+001	6.17887095e-001
1.05403602e+001	6.17886714e-001
1.06737825e+001	6.17886334e-001
1.08072048e+001	6.17885954e-001
1.09406271e+001	6.17885573e-001
1.10740494e+001	6.17885272e-001
1.12074716e+001	6.17885221e-001
1.13408939e+001	6.17885169e-001
1.14743162e+001	6.17885118e-001
1.16077385e+001	6.17885067e-001
1.17411608e+001	6.17885015e-001
1.18745831e+001	6.17884964e-001
1.20080053e+001	6.17884913e-001
1.21414276e+001	6.17884862e-001
1.22748499e+001	6.17884810e-001
1.24082722e+001	6.17884759e-001
1.25416945e+001	6.17884708e-001
1.26751167e+001	6.17884656e-001
1.28085390e+001	6.17884605e-001
1.29419613e+001	6.17884411e-001
1.30753836e+001	6.17884170e-001
1.32088059e+001	6.17883929e-001
1.33422282e+001	6.17883688e-001
1.34756504e+001	6.17883447e-001
1.36090727e+001	6.17883207e-001
1.37424950e+001	6.17882966e-001
1.38759173e+001	6.17882725e-001
1.40093396e+001	6.17882484e-001
1.41427618e+001	6.17882619e-001
1.42761841e+001	6.17883568e-001
1.44096064e+001	6.17884517e-001
1.45430287e+001	6.17885467e-001
1.46764510e+001	6.17886416e-001
1.48098732e+001	6.17887366e-001
1.49432955e+001	6.17888315e-001
1.50767178e+001	6.17889265e-001
1.52101401e+001	6.17890214e-001
1.53435624e+001	6.17891163e-001
1.54769847e+001	6.17892113e-001
1.56104069e+001	6.17893062e-001
1.57438292e+001	6.17894012e-001
1.58772515e+001	6.17894961e-001
1.60106738e+001	6.17895911e-001
1.61440961e+001	6.17896860e-001
1.62775183e+001	6.17897809e-001
1.64109406e+001	6.17898759e-001
1.65443629e+001	6.17899708e-001
1.66777852e+001	6.17900658e-001
1.68112075e+001	6.17901607e-001
1.69446298e+001	6.17902557e-001
1.70780520e+001	6.17903506e-001
1.72114743e+001	6.17904455e-001
1.73448966e+001	6.17905405e-001
1.74783189e+001	6.17906354e-001
1.76117412e+001	6.17907304e-001
1.77451634e+001	6.17908253e-001
1.78785857e+001	6.17909203e-001
1.80120080e+001	6.17910152e-001
1.81454303e+001	6.17911101e-001
1.82788526e+001	6.17912051e-001
1.84122748e+001	6.17913000e-001
1.85456971e+001	6.17913950e-001
1.86791194e+001	6.17914899e-001
1.88125417e+001	6.17915849e-001
1.89459640e+001	6.17916798e-001
1.90793863e+001	6.17917747e-001
1.92128085e+001	6.17918697e-001
1.93462308e+001	6.17919646e-001
1.94796531e+001	6.17920596e-001
1.96130754e+001	6.17921545e-001
1.97464977e+001	6.17922495e-001
1.98799199e+001	6.17923444e-001
2.00133422e+001	6.17924393e-001
2.01467645e+001	6.17925343e-001
2.02801868e+001	6.17926292e-001
2.04136091e+001	6.17927242e-001
2.05470314e+001	6.17928191e-001
2.06804536e+001	6.17929141e-001
2.08138759e+001	6.17930090e-001
2.09472982e+001	6.17931039e-001
2.10807205e+001	6.17931989e-001
2.12141428e+001	6.17932938e-001
2.13475650e+001	6.17933888e-001
2.14809873e+001	6.17934837e-001
2.16144096e+001	6.17935787e-001
2.17478319e+001	6.17936736e-001
2.18812542e+001	6.17937686e-001
2.20146765e+001	6.17938635e-001
2.21480987e+001	6.17939584e-001
2.22815210e+001	6.17940534e-001
2.24149433e+001	6.17941483e-001
2.25483656e+001	6.17942433e-001
2.26817879e+001	6.17943382e-001
2.28152101e+001	6.17944332e-001
2.29486324e+001	6.17945281e-001
2.30820547e+001	6.17946230e-001
2.32154770e+001	6.17947180e-001
2.33488993e+001	6.17948129e-001
2.34823215e+001	6.17949079e-001
2.36157438e+001	6.17950028e-001
2.37491661e+001	6.17950978e-001
2.38825884e+001	6.17951927e-001
2.40160107e+001	6.17952876e-001
2.41494330e+001	6.17953826e-001
2.42828552e+001	6.17954775e-001
2.44162775e+001	6.17955725e-001
2.45496998e+001	6.17956674e-001
2.46831221e+001	6.17957624e-001
2.48165444e+001	6.17958571e-001
2.49499666e+001	6.17958139e-001
2.50833889e+001	6.17957707e-001
2.52168112e+001	6.17957276e-001
2.53502335e+001	6.17956844e-001
2.54836558e+001	6.17956412e-001
2.56170781e+001	6.17955980e-001
2.57505003e+001	6.17955548e-001
2.58839226e+001	6.17955116e-001
2.60173449e+001	6.17954684e-001
2.61507672e+001	6.17954252e-001
2.62841895e+001	6.17953820e-001
2.64176117e+001	6.17953388e-001
2.65510340e+001	6.17952957e-001
2.66844563e+001	6.17952525e-001
2.68178786e+001	6.17952093e-001
2.69513009e+001	6.17951661e-001
2.70847231e+001	6.17951229e-001
2.72181454e+001	6.17950797e-001
2.73515677e+001	6.17950365e-001
2.74849900e+001	6.17949933e-001
2.76184123e+001	6.17949501e-001
2.77518346e+001	6.17949070e-001
2.78852568e+001	6.17948638e-001
2.80186791e+001	6.17948206e-001
2.81521014e+001	6.17947774e-001
2.82855237e+001	6.17947342e-001
2.84189460e+001	6.17946910e-001
2.85523682e+001	6.17946478e-001
2.86857905e+001	6.17946046e-001
2.88192128e+001	6.17945614e-001
2.89526351e+001	6.17945182e-001
2.90860574e+001	6.17944751e-001
2.92194797e+001	6.17944319e-001
2.93529019e+001	6.17943887e-001
2.94863242e+001	6.17943455e-001
2.96197465e+001	6.17943023e-001
2.97531688e+001	6.17942591e-001
2.98865911e+001	6.17942159e-001
3.00200133e+001	6.17941727e-001
3.01534356e+001	6.17941295e-001
3.02868579e+001	6.17940863e-001
3.04202802e+001	6.17940432e-001
3.05537025e+001	6.17940000e-001
3.06871247e+001	6.17939568e-001
3.08205470e+001	6.17939136e-001
3.09539693e+001	6.17938704e-001
3.10873916e+001	6.17938272e-001
3.12208139e+001	6.17935401e-001
3.13542362e+001	6.17932405e-001
3.14876584e+001	6.17929409e-001
3.16210807e+001	6.17926414e-001
3.17545030e+001	6.17923418e-001
3.18879253e+001	6.17920423e-001
3.20213476e+001	6.17917427e-001
3.21547698e+001	6.17914431e-001
3.22881921e+001	6.17911436e-001
3.24216144e+001	6.17908440e-001
3.25550367e+001	6.17905445e-001
3.26884590e+001	6.17902449e-001
3.28218813e+001	6.17899453e-001
3.29553035e+001	6.17896458e-001
3.30887258e+001	6.17893462e-001
3.32221481e+001	6.17890466e-001
3.33555704e+001	6.17887471e-001
3.34889927e+001	6.17884475e-001
3.36224149e+001	6.17881480e-001
3.37558372e+001	6.17878484e-001
3.38892595e+001	6.17875488e-001
3.40226818e+001	6.17872493e-001
3.41561041e+001	6.17869497e-001
3.42895264e+001	6.17866502e-001
3.44229486e+001	6.17863506e-001
3.45563709e+001	6.17860510e-001
3.46897932e+001	6.17857515e-001
3.48232155e+001	6.17854519e-001
3.49566378e+001	6.17851524e-001
3.50900600e+001	6.17848528e-001
3.52234823e+001	6.17845532e-001
3.53569046e+001	6.17842537e-001
3.54903269e+001	6.17839541e-001
3.56237492e+001	6.17836546e-001
3.57571714e+001	6.17833550e-001
3.58905937e+001	6.17830554e-001
3.60240160e+001	6.17827559e-001
3.61574383e+001	6.17824563e-001
3.62908606e+001	6.17821567e-001
3.64242829e+001	6.17818572e-001
3.65577051e+001	6.17815576e-001
3.66911274e+001	6.17812581e-001
3.68245497e+001	6.17809585e-001
3.69579720e+001	6.17806589e-001
3.70913943e+001	6.17803594e-001
3.72248165e+001	6.17800598e-001
3.73582388e+001	6.17797603e-001
3.74916611e+001	6.17794607e-001
3.76250834e+001	6.17791611e-001
3.77585057e+001	6.17788616e-001
3.78919280e+001	6.17785620e-001
3.80253502e+001	6.17782625e-001
3.81587725e+001	6.17779629e-001
3.82921948e+001	6.17776633e-001
3.84256171e+001	6.17773638e-001
3.85590394e+001	6.17770642e-001
3.86924616e+001	6.17767646e-001
3.88258839e+001	6.17764651e-001
3.89593062e+001	6.17761655e-001
3.90927285e+001	6.17758660e-001
3.92261508e+001	6.17755664e-001
3.93595730e+001	6.17752668e-001
3.94929953e+001	6.17749673e-001
3.96264176e+001	6.17746677e-001
3.97598399e+001	6.17743682e-001
3.98932622e+001	6.17740686e-001
4.00266845e+001	6.17737690e-001
4.01601067e+001	6.17734695e-001
4.02935290e+001	6.17731699e-001
4.04269513e+001	6.17728704e-001
4.05603736e+001	6.17725708e-001
4.06937959e+001	6.17722712e-001
4.08272181e+001	6.17719717e-001
4.09606404e+001	6.17716721e-001
4.10940627e+001	6.17713726e-001
4.12274850e+001	6.17710730e-001
4.13609073e+001	6.17707734e-001
4.14943296e+001	6.17704739e-001
4.16277518e+001	6.17701743e-001
4.17611741e+001	6.17698747e-001
4.18945964e+001	6.17695752e-001
4.20280187e+001	6.17692756e-001
4.21614410e+001	6.17689761e-001
4.22948632e+001	6.17686765e-001
4.24282855e+001	6.17683769e-001
4.25617078e+001	6.17680774e-001
4.26951301e+001	6.17677778e-001
4.28285524e+001	6.17674783e-001
4.29619746e+001	6.17671787e-001
4.30953969e+001	6.17668791e-001
4.32288192e+001	6.17665796e-001
4.33622415e+001	6.17662800e-001
4.34956638e+001	6.17659805e-001
4.36290861e+001	6.17656809e-001
4.37625083e+001	6.17653813e-001
4.38959306e+001	6.17650818e-001
4.40293529e+001	6.17647822e-001
4.41627752e+001	6.17644827e-001
4.42961975e+001	6.17641831e-001
4.44296197e+001	6.17638835e-001
4.45630420e+001	6.17635840e-001
4.46964643e+001	6.17633979e-001
4.48298866e+001	6.17634830e-001
4.49633089e+001	6.17635682e-001
4.50967312e+001	6.17636533e-001
4.52301534e+001	6.17637384e-001
4.53635757e+001	6.17638235e-001
4.54969980e+001	6.17637965e-001
4.56304203e+001	6.17633864e-001
4.57638426e+001	6.17629763e-001
4.58972648e+001	6.17625662e-001
4.60306871e+001	6.17621561e-001
4.61641094e+001	6.17617460e-001
4.62975317e+001	6.17613359e-001
4.64309540e+001	6.17609258e-001
4.65643763e+001	6.17606123e-001
4.66977985e+001	6.17603421e-001
4.68312208e+001	6.17600719e-001
4.69646431e+001	6.17598017e-001
4.70980654e+001	6.17595316e-001
4.72314877e+001	6.17592614e-001
4.73649099e+001	6.17589912e-001
4.74983322e+001	6.17587210e-001
4.76317545e+001	6.17584509e-001
4.77651768e+001	6.17581807e-001
4.78985991e+001	6.17579105e-001
4.80320213e+001	6.17576403e-001
4.81654436e+001	6.17573702e-001
4.82988659e+001	6.17571000e-001
4.84322882e+001	6.17568298e-001
4.85657105e+001	6.17565596e-001
4.86991328e+001	6.17562894e-001
4.88325550e+001	6.17560193e-001
4.89659773e+001	6.17557491e-001
4.90993996e+001	6.17554789e-001
4.92328219e+001	6.17552087e-001
4.93662442e+001	6.17549386e-001
4.94996664e+001	6.17546684e-001
4.96330887e+001	6.17543982e-001
4.97665110e+001	6.17541280e-001
4.98999333e+001	6.17538578e-001
5.00333556e+001	6.17535877e-001
5.01667779e+001	6.17533175e-001
5.03002001e+001	6.17530473e-001
5.04336224e+001	6.17527771e-001
5.05670447e+001	6.17525070e-001
5.07004670e+001	6.17522368e-001
5.08338893e+001	6.17519666e-001
5.09673115e+001	6.17516964e-001
5.11007338e+001	6.17514263e-001
5.12341561e+001	6.17511561e-001
5.13675784e+001	6.17508859e-001
5.15010007e+001	6.17506157e-001
5.16344229e+001	6.17503455e-001
5.17678452e+001	6.17500754e-001
5.19012675e+001	6.17498052e-001
5.20346898e+001	6.17495350e-001
5.21681121e+001	6.17492648e-001
5.23015344e+001	6.17489947e-001
5.24349566e+001	6.17487245e-001
5.25683789e+001	6.17484543e-001
5.27018012e+001	6.17481841e-001
5.28352235e+001	6.17479139e-001
5.29686458e+001	6.17476438e-001
5.31020680e+001	6.17473736e-001
5.32354903e+001	6.17471034e-001
5.33689126e+001	6.17468332e-001
5.35023349e+001	6.17465631e-001
5.36357572e+001	6.17462929e-001
5.37691795e+001	6.17460227e-001
5.39026017e+001	6.17457525e-001
5.40360240e+001	6.17454824e-001
5.41694463e+001	6.17452122e-001
5.43028686e+001	6.17449420e-001
5.44362909e+001	6.17446718e-001
5.45697131e+001	6.17444016e-001
5.47031354e+001	6.17441315e-001
5.48365577e+001	6.17438613e-001
5.49699800e+001	6.17435911e-001
5.51034023e+001	6.17433209e-001
5.52368245e+001	6.17430508e-001
5.53702468e+001	6.17427806e-001
5.55036691e+001	6.17425104e-001
5.56370914e+001	6.17422402e-001
5.57705137e+001	6.17419700e-001
5.59039360e+001	6.17416999e-001
5.60373582e+001	6.17414297e-001
5.61707805e+001	6.17411595e-001
5.63042028e+001	6.17408893e-001
5.64376251e+001	6.17406192e-001
5.65710474e+001	6.17403490e-001
5.67044696e+001	6.17400788e-001
5.68378919e+001	6.17398086e-001
5.69713142e+001	6.17395385e-001
5.71047365e+001	6.17392683e-001
5.72381588e+001	6.17389981e-001
5.73715811e+001	6.17387279e-001
5.75050033e+001	6.17384577e-001
5.76384256e+001	6.17381876e-001
5.77718479e+001	6.17379174e-001
5.79052702e+001	6.17376472e-001
5.80386925e+001	6.17373770e-001
5.81721147e+001	6.17371069e-001
5.83055370e+001	6.17368367e-001
5.84389593e+001	6.17365665e-001
5.85723816e+001	6.17362963e-001
5.87058039e+001	6.17360261e-001
5.88392262e+001	6.17357560e-001
5.89726484e+001	6.17354858e-001
5.91060707e+001	6.17352156e-001
5.92394930e+001	6.17349454e-001
5.93729153e+001	6.17346753e-001
5.95063376e+001	6.17344051e-001
5.96397598e+001	6.17341349e-001
5.97731821e+001	6.17338647e-001
5.99066044e+001	6.17335946e-001
6.00400267e+001	6.17333244e-001
6.01734490e+001	6.17330542e-001
6.03068712e+001	6.17327840e-001
6.04402935e+001	6.17325138e-001
6.05737158e+001	6.17322437e-001
6.07071381e+001	6.17319735e-001
6.08405604e+001	6.17317033e-001
6.09739827e+001	6.17314331e-001
6.11074049e+001	6.17311630e-001
6.12408272e+001	6.17308928e-001
6.13742495e+001	6.17306226e-001
6.15076718e+001	6.17303524e-001
6.16410941e+001	6.17300822e-001
6.17745163e+001	6.17298032e-001
6.19079386e+001	6.17288639e-001
6.20413609e+001	6.17279246e-001
6.21747832e+001	6.17269853e-001
6.23082055e+001	6.17260460e-001
6.24416278e+001	6.17251068e-001
6.25750500e+001	6.17241675e-001
6.27084723e+001	6.17232282e-001
6.28418946e+001	6.17222889e-001
6.29753169e+001	6.17213496e-001
6.31087392e+001	6.17204103e-001
6.32421614e+001	6.17194711e-001
6.33755837e+001	6.17185318e-001
6.35090060e+001	6.17175925e-001
6.36424283e+001	6.17166532e-001
6.37758506e+001	6.17157139e-001
6.39092728e+001	6.17147746e-001
6.40426951e+001	6.17138354e-001
6.41761174e+001	6.17128961e-001
6.43095397e+001	6.17119568e-001
6.44429620e+001	6.17110175e-001
6.45763843e+001	6.17100782e-001
6.47098065e+001	6.17091389e-001
6.48432288e+001	6.17081997e-001
6.49766511e+001	6.17072604e-001
6.51100734e+001	6.17063211e-001
6.52434957e+001	6.17053818e-001
6.53769179e+001	6.17045003e-001
6.55103402e+001	6.17037690e-001
6.56437625e+001	6.17030376e-001
6.57771848e+001	6.17023063e-001
6.59106071e+001	6.17015749e-001
6.60440294e+001	6.17008436e-001
6.61774516e+001	6.17001122e-001
6.63108739e+001	6.16993809e-001
6.64442962e+001	6.16986495e-001
6.65777185e+001	6.16979182e-001
6.67111408e+001	6.16971868e-001
6.68445630e+001	6.16964555e-001
6.69779853e+001	6.16957241e-001
6.71114076e+001	6.16949928e-001
6.72448299e+001	6.16942614e-001
6.73782522e+001	6.16935301e-001
6.75116744e+001	6.16927987e-001
6.76450967e+001	6.16920674e-001
6.77785190e+001	6.16913360e-001
6.79119413e+001	6.16906047e-001
6.80453636e+001	6.16898733e-001
6.81787859e+001	6.16891420e-001
6.83122081e+001	6.16884106e-001
6.84456304e+001	6.16876793e-001
6.85790527e+001	6.16869479e-001
6.87124750e+001	6.16862166e-001
6.88458973e+001	6.16854852e-001
6.89793195e+001	6.16847539e-001
6.91127418e+001	6.16840225e-001
6.92461641e+001	6.16832912e-001
6.93795864e+001	6.16825598e-001
6.95130087e+001	6.16818285e-001
6.96464310e+001	6.16810971e-001
6.97798532e+001	6.16803658e-001
6.99132755e+001	6.16796344e-001
7.00466978e+001	6.16789031e-001
7.01801201e+001	6.16781717e-001
7.03135424e+001	6.16774404e-001
7.04469646e+001	6.16767090e-001
7.05803869e+001	6.16759777e-001
7.07138092e+001	6.16752463e-001
7.08472315e+001	6.16745150e-001
7.09806538e+001	6.16737836e-001
7.11140761e+001	6.16730523e-001
7.12474983e+001	6.16723209e-001
7.13809206e+001	6.16715896e-001
7.15143429e+001	6.16708582e-001
7.16477652e+001	6.16701269e-001
7.17811875e+001	6.16693955e-001
7.19146097e+001	6.16686642e-001
7.20480320e+001	6.16679328e-001
7.21814543e+001	6.16672015e-001
7.23148766e+001	6.16664701e-001
7.24482989e+001	6.16657388e-001
7.25817211e+001	6.16650074e-001
7.27151434e+001	6.16642761e-001
7.28485657e+001	6.16635447e-001
7.29819880e+001	6.16628134e-001
7.31154103e+001	6.16620820e-001
7.32488326e+001	6.16613507e-001
7.33822548e+001	6.16606193e-001
7.35156771e+001	6.16598880e-001
7.36490994e+001	6.16591566e-001
7.37825217e+001	6.16584253e-001
7.39159440e+001	6.16576939e-001
7.40493662e+001	6.16569626e-001
7.41827885e+001	6.16562312e-001
7.43162108e+001	6.16554999e-001
7.44496331e+001	6.16547685e-001
7.45830554e+001	6.16540372e-001
7.47164777e+001	6.16533058e-001
7.48498999e+001	6.16525745e-001
7.49833222e+001	6.16518431e-001
7.51167445e+001	6.16511118e-001
7.52501668e+001	6.16503804e-001
7.53835891e+001	6.16496491e-001
7.55170113e+001	6.16489177e-001
7.56504336e+001	6.16481864e-001
7.57838559e+001	6.16474550e-001
7.59172782e+001	6.16467237e-001
7.60507005e+001	6.16459923e-001
7.61841227e+001	6.16452610e-001
7.63175450e+001	6.16445296e-001
7.64509673e+001	6.16437983e-001
7.65843896e+001	6.16430669e-001
7.67178119e+001	6.16423356e-001
7.68512342e+001	6.16416042e-001
7.69846564e+001	6.16408729e-001
7.71180787e+001	6.16401415e-001
7.72515010e+001	6.16394102e-001
7.73849233e+001	6.16386788e-001
7.75183456e+001	6.16379475e-001
7.76517678e+001	6.16372161e-001
7.77851901e+001	6.16364848e-001
7.79186124e+001	6.16357534e-001
7.80520347e+001	6.16350221e-001
7.81854570e+001	6.16342907e-001
7.83188793e+001	6.16335594e-001
7.84523015e+001	6.16328280e-001
7.85857238e+001	6.16320967e-001
7.87191461e+001	6.16313654e-001
7.88525684e+001	6.16306340e-001
7.89859907e+001	6.16299027e-001
7.91194129e+001	6.16291713e-001
7.92528352e+001	6.16284400e-001
7.93862575e+001	6.16277086e-001
7.95196798e+001	6.16269773e-001
7.96531021e+001	6.16262459e-001
7.97865243e+001	6.16255146e-001
7.99199466e+001	6.16247832e-001
8.00533689e+001	6.16240519e-001
8.01867912e+001	6.16233205e-001
8.03202135e+001	6.16225892e-001
8.04536358e+001	6.16218578e-001
8.05870580e+001	6.16211265e-001
8.07204803e+001	6.16203951e-001
8.08539026e+001	6.16196638e-001
8.09873249e+001	6.16189324e-001
8.11207472e+001	6.16182011e-001
8.12541694e+001	6.16174697e-001
8.13875917e+001	6.16167384e-001
8.15210140e+001	6.16160070e-001
8.16544363e+001	6.16152757e-001
8.17878586e+001	6.16145443e-001
8.19212809e+001	6.16138130e-001
8.20547031e+001	6.16130816e-001
8.21881254e+001	6.16123503e-001
8.23215477e+001	6.16116189e-001
8.24549700e+001	6.16108876e-001
8.25883923e+001	6.16101562e-001
8.27218145e+001	6.16094249e-001
8.28552368e+001	6.16086935e-001
8.29886591e+001	6.16079622e-001
8.31220814e+001	6.16072308e-001
8.32555037e+001	6.16064995e-001
8.33889260e+001	6.16057681e-001
8.35223482e+001	6.16052970e-001
8.36557705e+001	6.16048308e-001
8.37891928e+001	6.16043647e-001
8.39226151e+001	6.16038985e-001
8.40560374e+001	6.16029152e-001
8.41894596e+001	6.16016783e-001
8.43228819e+001	6.16004414e-001
8.44563042e+001	6.15992044e-001
8.45897265e+001	6.15979675e-001
8.47231488e+001	6.15967305e-001
8.48565710e+001	6.15954936e-001
8.49899933e+001	6.15942566e-001
8.51234156e+001	6.15930197e-001
8.52568379e+001	6.15917827e-001
8.53902602e+001	6.15905458e-001
8.55236825e+001	6.15893088e-001
8.56571047e+001	6.15880719e-001
8.57905270e+001	6.15868350e-001
8.59239493e+001	6.15856319e-001
8.60573716e+001	6.15846263e-001
8.61907939e+001	6.15836207e-001
8.63242161e+001	6.15826151e-001
8.64576384e+001	6.15816095e-001
8.65910607e+001	6.15806039e-001
8.67244830e+001	6.15795983e-001
8.68579053e+001	6.15785926e-001
8.69913276e+001	6.15775870e-001
8.71247498e+001	6.15765814e-001
8.72581721e+001	6.15755758e-001
8.73915944e+001	6.15745702e-001
8.75250167e+001	6.15735646e-001
8.76584390e+001	6.15725590e-001
8.77918612e+001	6.15715534e-001
8.79252835e+001	6.15705478e-001
8.80587058e+001	6.15695422e-001
8.81921281e+001	6.15685366e-001
8.83255504e+001	6.15675310e-001
8.84589726e+001	6.15665254e-001
8.85923949e+001	6.15655198e-001
8.87258172e+001	6.15645142e-001
8.88592395e+001	6.15635086e-001
8.89926618e+001	6.15625030e-001
8.91260841e+001	6.15614974e-001
8.92595063e+001	6.15604918e-001
8.93929286e+001	6.15594862e-001
8.95263509e+001	6.15584806e-001
8.96597732e+001	6.15574750e-001
8.97931955e+001	6.15564694e-001
8.99266177e+001	6.15554638e-001
9.00600400e+001	6.15544582e-001
9.01934623e+001	6.15534526e-001
9.03268846e+001	6.15524470e-001
9.04603069e+001	6.15514414e-001
9.05937292e+001	6.15504357e-001
9.07271514e+001	6.15494301e-001
9.08605737e+001	6.15484245e-001
9.09939960e+001	6.15474189e-001
9.11274183e+001	6.15464133e-001
9.12608406e+001	6.15454077e-001
9.13942628e+001	6.15444021e-001
9.15276851e+001	6.15433965e-001
9.16611074e+001	6.15423909e-001
9.17945297e+001	6.15413853e-001
9.19279520e+001	6.15403797e-001
9.20613742e+001	6.15393741e-001
9.21947965e+001	6.15383685e-001
9.23282188e+001	6.15373629e-001
9.24616411e+001	6.15363573e-001
9.25950634e+001	6.15353517e-001
9.27284857e+001	6.15343461e-001
9.28619079e+001	6.15333405e-001
9.29953302e+001	6.15323349e-001
9.31287525e+001	6.15313293e-001
9.32621748e+001	6.15303237e-001
9.33955971e+001	6.15293181e-001
9.35290193e+001	6.15283125e-001
9.36624416e+001	6.15273069e-001
9.37958639e+001	6.15263013e-001
9.39292862e+001	6.15252957e-001
9.40627085e+001	6.15242901e-001
9.41961308e+001	6.15232845e-001
9.43295530e+001	6.15222789e-001
9.44629753e+001	6.15212732e-001
9.45963976e+001	6.15202676e-001
9.47298199e+001	6.15192620e-001
9.48632422e+001	6.15182564e-001
9.49966644e+001	6.15172508e-001
9.51300867e+001	6.15162452e-001
9.52635090e+001	6.15152396e-001
9.53969313e+001	6.15142340e-001
9.55303536e+001	6.15132284e-001
9.56637759e+001	6.15122228e-001
9.57971981e+001	6.15112172e-001
9.59306204e+001	6.15102116e-001
9.60640427e+001	6.15092060e-001
9.61974650e+001	6.15082004e-001
9.63308873e+001	6.15071948e-001
9.64643095e+001	6.15061892e-001
9.65977318e+001	6.15051836e-001
9.67311541e+001	6.15041780e-001
9.68645764e+001	6.15031724e-001
9.69979987e+001	6.15021668e-001
9.71314209e+001	6.15011612e-001
9.72648432e+001	6.15001556e-001
9.73982655e+001	6.14991500e-001
9.75316878e+001	6.14981444e-001
9.76651101e+001	6.14971388e-001
9.77985324e+001	6.14961332e-001
9.79319546e+001	6.14951276e-001
9.80653769e+001	6.14941220e-001
9.81987992e+001	6.14931163e-001
9.83322215e+001	6.14921107e-001
9.84656438e+001	6.14911051e-001
9.85990660e+001	6.14900995e-001
9.87324883e+001	6.14890939e-001
9.88659106e+001	6.14880883e-001
9.89993329e+001	6.14870827e-001
9.91327552e+001	6.14860771e-001
9.92661775e+001	6.14850715e-001
9.93995997e+001	6.14840659e-001
9.95330220e+001	6.14830603e-001
9.96664443e+001	6.14820547e-001
9.97998666e+001	6.14810491e-001
9.99332889e+001	6.14800435e-001
1.00066711e+002	6.14790379e-001
1.00200133e+002	6.14780323e-001
1.00333556e+002	6.14770267e-001
1.00466978e+002	6.14760211e-001
1.00600400e+002	6.14750155e-001
1.00733823e+002	6.14740099e-001
1.00867245e+002	6.14730043e-001
1.01000667e+002	6.14719987e-001
1.01134089e+002	6.14709931e-001
1.01267512e+002	6.14699875e-001
1.01400934e+002	6.14689819e-001
1.01534356e+002	6.14679763e-001
1.01667779e+002	6.14669707e-001
1.01801201e+002	6.14659651e-001
1.01934623e+002	6.14649595e-001
1.02068045e+002	6.14639538e-001
1.02201468e+002	6.14629482e-001
1.02334890e+002	6.14619426e-001
1.02468312e+002	6.14609370e-001
1.02601734e+002	6.14599314e-001
1.02735157e+002	6.14589833e-001
1.02868579e+002	6.14581432e-001
1.03002001e+002	6.14573031e-001
1.03135424e+002	6.14564629e-001
1.03268846e+002	6.14556228e-001
1.03402268e+002	6.14547827e-001
1.03535690e+002	6.14539426e-001
1.03669113e+002	6.14531024e-001
1.03802535e+002	6.14522623e-001
1.03935957e+002	6.14514222e-001
1.04069380e+002	6.14505820e-001
1.04202802e+002	6.14497419e-001
1.04336224e+002	6.14489018e-001
1.04469646e+002	6.14480617e-001
1.04603069e+002	6.14472215e-001
1.04736491e+002	6.14463814e-001
1.04869913e+002	6.14455413e-001
1.05003336e+002	6.14447012e-001
1.05136758e+002	6.14438610e-001
1.05270180e+002	6.14430209e-001
1.05403602e+002	6.14421808e-001
1.05537025e+002	6.14413407e-001
1.05670447e+002	6.14405005e-001
1.05803869e+002	6.14396604e-001
1.05937292e+002	6.14388203e-001
1.06070714e+002	6.14379802e-001
1.06204136e+002	6.14371400e-001
1.06337558e+002	6.14362999e-001
1.06470981e+002	6.14354598e-001
1.06604403e+002	6.14346197e-001
1.06737825e+002	6.14337795e-001
1.06871247e+002	6.14329394e-001
1.07004670e+002	6.14317834e-001
1.07138092e+002	6.14300761e-001
1.07271514e+002	6.14283689e-001
1.07404937e+002	6.14266616e-001
1.07538359e+002	6.14249544e-001
1.07671781e+002	6.14232471e-001
1.07805203e+002	6.14215399e-001
1.07938626e+002	6.14198326e-001
1.08072048e+002	6.14181253e-001
1.08205470e+002	6.14164181e-001
1.08338893e+002	6.14147108e-001
1.08472315e+002	6.14130036e-001
1.08605737e+002	6.14112963e-001
1.08739159e+002	6.14095890e-001
1.08872582e+002	6.14078818e-001
1.09006004e+002	6.14061745e-001
1.09139426e+002	6.14044673e-001
1.09272849e+002	6.14027600e-001
1.09406271e+002	6.14010528e-001
1.09539693e+002	6.13993455e-001
1.09673115e+002	6.13976382e-001
1.09806538e+002	6.13959310e-001
1.09939960e+002	6.13942237e-001
1.10073382e+002	6.13925165e-001
1.10206805e+002	6.13908092e-001
1.10340227e+002	6.13891019e-001
1.10473649e+002	6.13873947e-001
1.10607071e+002	6.13856874e-001
1.10740494e+002	6.13839802e-001
1.10873916e+002	6.13822729e-001
1.11007338e+002	6.13805656e-001
1.11140761e+002	6.13788584e-001
1.11274183e+002	6.13771511e-001
1.11407605e+002	6.13754439e-001
1.11541027e+002	6.13737366e-001
1.11674450e+002	6.13720294e-001
1.11807872e+002	6.13703221e-001
1.11941294e+002	6.13686560e-001
1.12074716e+002	6.13670104e-001
1.12208139e+002	6.13653647e-001
1.12341561e+002	6.13637191e-001
1.12474983e+002	6.13620735e-001
1.12608406e+002	6.13604279e-001
1.12741828e+002	6.13587822e-001
1.12875250e+002	6.13571366e-001
1.13008672e+002	6.13554910e-001
1.13142095e+002	6.13538454e-001
1.13275517e+002	6.13521997e-001
1.13408939e+002	6.13505541e-001
1.13542362e+002	6.13489085e-001
1.13675784e+002	6.13472629e-001
1.13809206e+002	6.13456172e-001
1.13942628e+002	6.13439716e-001
1.14076051e+002	6.13423260e-001
1.14209473e+002	6.13406803e-001
1.14342895e+002	6.13390347e-001
1.14476318e+002	6.13373891e-001
1.14609740e+002	6.13357435e-001
1.14743162e+002	6.13340978e-001
1.14876584e+002	6.13324522e-001
1.15010007e+002	6.13308066e-001
1.15143429e+002	6.13291610e-001
1.15276851e+002	6.13275153e-001
1.15410274e+002	6.13258697e-001
1.15543696e+002	6.13242241e-001
1.15677118e+002	6.13225784e-001
1.15810540e+002	6.13209328e-001
1.15943963e+002	6.13192872e-001
1.16077385e+002	6.13176416e-001
1.16210807e+002	6.13159959e-001
1.16344229e+002	6.13143503e-001
1.16477652e+002	6.13127047e-001
1.16611074e+002	6.13110591e-001
1.16744496e+002	6.13094134e-001
1.16877919e+002	6.13077678e-001
1.17011341e+002	6.13061222e-001
1.17144763e+002	6.13044765e-001
1.17278185e+002	6.13028309e-001
1.17411608e+002	6.13011853e-001
1.17545030e+002	6.12995397e-001
1.17678452e+002	6.12978940e-001
1.17811875e+002	6.12962484e-001
1.17945297e+002	6.12946028e-001
1.18078719e+002	6.12929572e-001
1.18212141e+002	6.12913115e-001
1.18345564e+002	6.12896659e-001
1.18478986e+002	6.12880203e-001
1.18612408e+002	6.12863746e-001
1.18745831e+002	6.12847290e-001
1.18879253e+002	6.12830834e-001
1.19012675e+002	6.12814378e-001
1.19146097e+002	6.12797921e-001
1.19279520e+002	6.12781465e-001
1.19412942e+002	6.12765009e-001
1.19546364e+002	6.12748553e-001
1.19679787e+002	6.12732096e-001
1.19813209e+002	6.12715640e-001
1.19946631e+002	6.12699184e-001
1.20080053e+002	6.12682727e-001
1.20213476e+002	6.12666271e-001
1.20346898e+002	6.12649733e-001
1.20480320e+002	6.12632684e-001
1.20613742e+002	6.12615634e-001
1.20747165e+002	6.12598585e-001
1.20880587e+002	6.12581536e-001
1.21014009e+002	6.12564486e-001
1.21147432e+002	6.12547437e-001
1.21280854e+002	6.12530388e-001
1.21414276e+002	6.12513338e-001
1.21547698e+002	6.12496289e-001
1.21681121e+002	6.12479239e-001
1.21814543e+002	6.12462190e-001
1.21947965e+002	6.12445141e-001
1.22081388e+002	6.12428091e-001
1.22214810e+002	6.12411042e-001
1.22348232e+002	6.12393993e-001
1.22481654e+002	6.12376943e-001
1.22615077e+002	6.12359894e-001
1.22748499e+002	6.12342845e-001
1.22881921e+002	6.12325795e-001
1.23015344e+002	6.12308746e-001
1.23148766e+002	6.12291697e-001
1.23282188e+002	6.12274647e-001
1.23415610e+002	6.12257598e-001
1.23549033e+002	6.12240548e-001
1.23682455e+002	6.12223499e-001
1.23815877e+002	6.12206450e-001
1.23949300e+002	6.12189400e-001
1.24082722e+002	6.12172351e-001
1.24216144e+002	6.12155302e-001
1.24349566e+002	6.12138252e-001
1.24482989e+002	6.12121203e-001
1.24616411e+002	6.12104154e-001
1.24749833e+002	6.12087104e-001
1.24883256e+002	6.12070055e-001
1.25016678e+002	6.12053006e-001
1.25150100e+002	6.12035956e-001
1.25283522e+002	6.12018907e-001
1.25416945e+002	6.12001857e-001
1.25550367e+002	6.11984808e-001
1.25683789e+002	6.11967759e-001
1.25817211e+002	6.11950709e-001
1.25950634e+002	6.11933660e-001
1.26084056e+002	6.11920059e-001
1.26217478e+002	6.11907871e-001
1.26350901e+002	6.11895683e-001
1.26484323e+002	6.11883495e-001
1.26617745e+002	6.11871307e-001
1.26751167e+002	6.11859119e-001
1.26884590e+002	6.11846931e-001
1.27018012e+002	6.11834743e-001
1.27151434e+002	6.11822555e-001
1.27284857e+002	6.11810367e-001
1.27418279e+002	6.11798179e-001
1.27551701e+002	6.11785991e-001
1.27685123e+002	6.11773803e-001
1.27818546e+002	6.11761615e-001
1.27951968e+002	6.11749427e-001
1.28085390e+002	6.11737239e-001
1.28218813e+002	6.11725051e-001
1.28352235e+002	6.11712863e-001
1.28485657e+002	6.11700675e-001
1.28619079e+002	6.11688487e-001
1.28752502e+002	6.11676299e-001
1.28885924e+002	6.11664111e-001
1.29019346e+002	6.11651923e-001
1.29152769e+002	6.11639735e-001
1.29286191e+002	6.11627547e-001
1.29419613e+002	6.11615359e-001
1.29553035e+002	6.11603171e-001
1.29686458e+002	6.11590983e-001
1.29819880e+002	6.11578795e-001
1.29953302e+002	6.11566607e-001
1.30086724e+002	6.11554419e-001
1.30220147e+002	6.11542231e-001
1.30353569e+002	6.11530043e-001
1.30486991e+002	6.11517855e-001
1.30620414e+002	6.11505667e-001
1.30753836e+002	6.11493479e-001
1.30887258e+002	6.11481291e-001
1.31020680e+002	6.11469103e-001
1.31154103e+002	6.11456915e-001
1.31287525e+002	6.11444727e-001
1.31420947e+002	6.11432539e-001
1.31554370e+002	6.11420351e-001
1.31687792e+002	6.11408163e-001
1.31821214e+002	6.11395975e-001
1.31954636e+002	6.11383787e-001
1.32088059e+002	6.11371599e-001
1.32221481e+002	6.11359411e-001
1.32354903e+002	6.11347223e-001
1.32488326e+002	6.11335035e-001
1.32621748e+002	6.11322847e-001
1.32755170e+002	6.11310659e-001
1.32888592e+002	6.11298471e-001
1.33022015e+002	6.11286283e-001
1.33155437e+002	6.11274095e-001
1.33288859e+002	6.11261906e-001
1.33422282e+002	6.11249718e-001
1.33555704e+002	6.11237530e-001
1.33689126e+002	6.11225342e-001
1.33822548e+002	6.11213154e-001
1.33955971e+002	6.11200966e-001
1.34089393e+002	6.11188778e-001
1.34222815e+002	6.11176590e-001
1.34356237e+002	6.11164402e-001
1.34489660e+002	6.11152214e-001
1.34623082e+002	6.11140026e-001
1.34756504e+002	6.11127838e-001
1.34889927e+002	6.11115650e-001
1.35023349e+002	6.11103462e-001
1.35156771e+002	6.11091274e-001
1.35290193e+002	6.11079086e-001
1.35423616e+002	6.11066898e-001
1.35557038e+002	6.11054710e-001
1.35690460e+002	6.11042522e-001
1.35823883e+002	6.11030334e-001
1.35957305e+002	6.11018146e-001
1.36090727e+002	6.11005958e-001
1.36224149e+002	6.10993770e-001
1.36357572e+002	6.10981582e-001
1.36490994e+002	6.10969394e-001
1.36624416e+002	6.10957206e-001
1.36757839e+002	6.10945018e-001
1.36891261e+002	6.10932830e-001
1.37024683e+002	6.10920642e-001
1.37158105e+002	6.10908454e-001
1.37291528e+002	6.10896266e-001
1.37424950e+002	6.10884078e-001
1.37558372e+002	6.10871890e-001
1.37691795e+002	6.10859702e-001
1.37825217e+002	6.10847514e-001
1.37958639e+002	6.10835326e-001
1.38092061e+002	6.10823138e-001
1.38225484e+002	6.10810950e-001
1.38358906e+002	6.10798762e-001
1.38492328e+002	6.10786574e-001
1.38625751e+002	6.10774386e-001
1.38759173e+002	6.10762198e-001
1.38892595e+002	6.10750010e-001
1.39026017e+002	6.10737822e-001
1.39159440e+002	6.10725634e-001
1.39292862e+002	6.10713446e-001
1.39426284e+002	6.10701258e-001
1.39559706e+002	6.10689070e-001
1.39693129e+002	6.10676882e-001
1.39826551e+002	6.10664694e-001
1.39959973e+002	6.10652506e-001
1.40093396e+002	6.10640318e-001
1.40226818e+002	6.10628130e-001
1.40360240e+002	6.10617933e-001
1.40493662e+002	6.10608261e-001
1.40627085e+002	6.10598588e-001
1.40760507e+002	6.10588916e-001
1.40893929e+002	6.10579243e-001
1.41027352e+002	6.10569571e-001
1.41160774e+002	6.10559898e-001
1.41294196e+002	6.10550040e-001
1.41427618e+002	6.10539404e-001
1.41561041e+002	6.10528769e-001
1.41694463e+002	6.10518133e-001
1.41827885e+002	6.10507497e-001
1.41961308e+002	6.10493348e-001
1.42094730e+002	6.10475418e-001
1.42228152e+002	6.10457489e-001
1.42361574e+002	6.10439560e-001
1.42494997e+002	6.10421631e-001
1.42628419e+002	6.10403702e-001
1.42761841e+002	6.10385772e-001
1.42895264e+002	6.10367843e-001
1.43028686e+002	6.10349914e-001
1.43162108e+002	6.10331985e-001
1.43295530e+002	6.10314056e-001
1.43428953e+002	6.10296127e-001
1.43562375e+002	6.10278197e-001
1.43695797e+002	6.10260268e-001
1.43829219e+002	6.10242339e-001
1.43962642e+002	6.10224410e-001
1.44096064e+002	6.10206481e-001
1.44229486e+002	6.10188551e-001
1.44362909e+002	6.10170622e-001
1.44496331e+002	6.10152693e-001
1.44629753e+002	6.10134764e-001
1.44763175e+002	6.10116835e-001
1.44896598e+002	6.10098906e-001
1.45030020e+002	6.10080976e-001
1.45163442e+002	6.10063047e-001
1.45296865e+002	6.10045118e-001
1.45430287e+002	6.10027189e-001
1.45563709e+002	6.10009260e-001
1.45697131e+002	6.09991330e-001
1.45830554e+002	6.09973401e-001
1.45963976e+002	6.09955472e-001
1.46097398e+002	6.09937543e-001
1.46230821e+002	6.09919614e-001
1.46364243e+002	6.09901685e-001
1.46497665e+002	6.09883755e-001
1.46631087e+002	6.09865826e-001
1.46764510e+002	6.09847897e-001
1.46897932e+002	6.09829968e-001
1.47031354e+002	6.09812039e-001
1.47164777e+002	6.09794109e-001
1.47298199e+002	6.09776180e-001
1.47431621e+002	6.09758251e-001
1.47565043e+002	6.09740322e-001
1.47698466e+002	6.09722393e-001
1.47831888e+002	6.09704464e-001
1.47965310e+002	6.09686534e-001
1.48098732e+002	6.09668605e-001
1.48232155e+002	6.09650676e-001
1.48365577e+002	6.09632747e-001
1.48498999e+002	6.09614818e-001
1.48632422e+002	6.09596889e-001
1.48765844e+002	6.09578959e-001
1.48899266e+002	6.09561030e-001
1.49032688e+002	6.09543101e-001
1.49166111e+002	6.09525172e-001
1.49299533e+002	6.09507243e-001
1.49432955e+002	6.09489313e-001
1.49566378e+002	6.09471384e-001
1.49699800e+002	6.09453455e-001
1.49833222e+002	6.09435526e-001
1.49966644e+002	6.09417597e-001
1.50100067e+002	6.09399668e-001
1.50233489e+002	6.09381738e-001
1.50366911e+002	6.09363809e-001
1.50500334e+002	6.09345880e-001
1.50633756e+002	6.09327951e-001
1.50767178e+002	6.09310022e-001
1.50900600e+002	6.09292092e-001
1.51034023e+002	6.09274163e-001
1.51167445e+002	6.09256234e-001
1.51300867e+002	6.09238305e-001
1.51434290e+002	6.09220376e-001
1.51567712e+002	6.09202447e-001
1.51701134e+002	6.09184517e-001
1.51834556e+002	6.09166588e-001
1.51967979e+002	6.09148659e-001
1.52101401e+002	6.09130730e-001
1.52234823e+002	6.09112801e-001
1.52368245e+002	6.09094871e-001
1.52501668e+002	6.09076942e-001
1.52635090e+002	6.09059013e-001
1.52768512e+002	6.09041084e-001
1.52901935e+002	6.09023155e-001
1.53035357e+002	6.09005226e-001
1.53168779e+002	6.08987296e-001
1.53302201e+002	6.08969367e-001
1.53435624e+002	6.08951438e-001
1.53569046e+002	6.08933509e-001
1.53702468e+002	6.08915580e-001
1.53835891e+002	6.08897650e-001
1.53969313e+002	6.08884609e-001
1.54102735e+002	6.08877641e-001
1.54236157e+002	6.08870672e-001
1.54369580e+002	6.08863703e-001
1.54503002e+002	6.08856734e-001
1.54636424e+002	6.08849765e-001
1.54769847e+002	6.08842797e-001
1.54903269e+002	6.08835828e-001
1.55036691e+002	6.08828859e-001
1.55170113e+002	6.08821890e-001
1.55303536e+002	6.08814921e-001
1.55436958e+002	6.08807953e-001
1.55570380e+002	6.08800984e-001
1.55703803e+002	6.08794015e-001
1.55837225e+002	6.08787046e-001
1.55970647e+002	6.08780077e-001
1.56104069e+002	6.08773108e-001
1.56237492e+002	6.08766140e-001
1.56370914e+002	6.08759171e-001
1.56504336e+002	6.08747978e-001
1.56637759e+002	6.08736077e-001
1.56771181e+002	6.08724176e-001
1.56904603e+002	6.08712275e-001
1.57038025e+002	6.08700374e-001
1.57171448e+002	6.08688473e-001
1.57304870e+002	6.08676572e-001
1.57438292e+002	6.08664671e-001
1.57571714e+002	6.08652770e-001
1.57705137e+002	6.08640869e-001
1.57838559e+002	6.08628968e-001
1.57971981e+002	6.08617067e-001
1.58105404e+002	6.08605166e-001
1.58238826e+002	6.08593265e-001
1.58372248e+002	6.08581364e-001
1.58505670e+002	6.08569464e-001
1.58639093e+002	6.08557563e-001
1.58772515e+002	6.08545662e-001
1.58905937e+002	6.08533761e-001
1.59039360e+002	6.08521860e-001
1.59172782e+002	6.08509959e-001
1.59306204e+002	6.08498058e-001
1.59439626e+002	6.08486157e-001
1.59573049e+002	6.08474256e-001
1.59706471e+002	6.08462355e-001
1.59839893e+002	6.08450454e-001
1.59973316e+002	6.08438553e-001
1.60106738e+002	6.08426652e-001
1.60240160e+002	6.08414751e-001
1.60373582e+002	6.08402850e-001
1.60507005e+002	6.08390950e-001
1.60640427e+002	6.08379049e-001
1.60773849e+002	6.08367148e-001
1.60907272e+002	6.08355247e-001
1.61040694e+002	6.08343346e-001
1.61174116e+002	6.08331445e-001
1.61307538e+002	6.08319544e-001
1.61440961e+002	6.08307643e-001
1.61574383e+002	6.08295742e-001
1.61707805e+002	6.08283841e-001
1.61841227e+002	6.08271940e-001
1.61974650e+002	6.08260039e-001
1.62108072e+002	6.08248138e-001
1.62241494e+002	6.08236237e-001
1.62374917e+002	6.08224336e-001
1.62508339e+002	6.08212436e-001
1.62641761e+002	6.08200535e-001
1.62775183e+002	6.08188634e-001
1.62908606e+002	6.08176733e-001
1.63042028e+002	6.08164832e-001
1.63175450e+002	6.08152931e-001
1.63308873e+002	6.08141030e-001
1.63442295e+002	6.08129129e-001
1.63575717e+002	6.08117228e-001
1.63709139e+002	6.08105327e-001
1.63842562e+002	6.08093426e-001
1.63975984e+002	6.08081525e-001
1.64109406e+002	6.08069624e-001
1.64242829e+002	6.08057723e-001
1.64376251e+002	6.08045822e-001
1.64509673e+002	6.08033922e-001
1.64643095e+002	6.08022021e-001
1.64776518e+002	6.08010120e-001
1.64909940e+002	6.07998219e-001
1.65043362e+002	6.07986318e-001
1.65176785e+002	6.07974417e-001
1.65310207e+002	6.07962516e-001
1.65443629e+002	6.07950615e-001
1.65577051e+002	6.07937369e-001
1.65710474e+002	6.07923046e-001
1.65843896e+002	6.07908722e-001
1.65977318e+002	6.07894399e-001
1.66110740e+002	6.07880076e-001
1.66244163e+002	6.07865752e-001
1.66377585e+002	6.07851429e-001
1.66511007e+002	6.07837105e-001
1.66644430e+002	6.07822782e-001
1.66777852e+002	6.07808459e-001
1.66911274e+002	6.07794135e-001
1.67044696e+002	6.07779812e-001
1.67178119e+002	6.07765488e-001
1.67311541e+002	6.07751165e-001
1.67444963e+002	6.07736842e-001
1.67578386e+002	6.07722518e-001
1.67711808e+002	6.07708195e-001
1.67845230e+002	6.07693871e-001
1.67978652e+002	6.07679548e-001
1.68112075e+002	6.07665225e-001
1.68245497e+002	6.07650901e-001
1.68378919e+002	6.07636578e-001
1.68512342e+002	6.07622254e-001
1.68645764e+002	6.07607931e-001
1.68779186e+002	6.07593608e-001
1.68912608e+002	6.07579284e-001
1.69046031e+002	6.07564961e-001
1.69179453e+002	6.07550637e-001
1.69312875e+002	6.07536314e-001
1.69446298e+002	6.07520855e-001
1.69579720e+002	6.07504020e-001
1.69713142e+002	6.07487184e-001
1.69846564e+002	6.07470348e-001
1.69979987e+002	6.07453512e-001
1.70113409e+002	6.07436676e-001
1.70246831e+002	6.07419840e-001
1.70380254e+002	6.07403004e-001
1.70513676e+002	6.07386168e-001
1.70647098e+002	6.07383529e-001
1.70780520e+002	6.07381204e-001
1.70913943e+002	6.07378878e-001
1.71047365e+002	6.07376553e-001
1.71180787e+002	6.07374227e-001
1.71314209e+002	6.07371902e-001
1.71447632e+002	6.07369577e-001
1.71581054e+002	6.07367251e-001
1.71714476e+002	6.07364926e-001
1.71847899e+002	6.07362600e-001
1.71981321e+002	6.07360275e-001
1.72114743e+002	6.07357949e-001
1.72248165e+002	6.07355624e-001
1.72381588e+002	6.07353298e-001
1.72515010e+002	6.07350973e-001
1.72648432e+002	6.07348647e-001
1.72781855e+002	6.07346322e-001
1.72915277e+002	6.07343996e-001
1.73048699e+002	6.07341671e-001
1.73182121e+002	6.07339345e-001
1.73315544e+002	6.07337020e-001
1.73448966e+002	6.07334694e-001
1.73582388e+002	6.07332369e-001
1.73715811e+002	6.07330043e-001
1.73849233e+002	6.07327718e-001
1.73982655e+002	6.07325392e-001
1.74116077e+002	6.07323067e-001
1.74249500e+002	6.07320741e-001
1.74382922e+002	6.07318416e-001
1.74516344e+002	6.07316090e-001
1.74649767e+002	6.07313765e-001
1.74783189e+002	6.07311439e-001
1.74916611e+002	6.07309114e-001
1.75050033e+002	6.07306788e-001
1.75183456e+002	6.07304463e-001
1.75316878e+002	6.07302137e-001
1.75450300e+002	6.07299812e-001
1.75583722e+002	6.07297487e-001
1.75717145e+002	6.07295161e-001
1.75850567e+002	6.07292836e-001
1.75983989e+002	6.07290510e-001
1.76117412e+002	6.07288185e-001
1.76250834e+002	6.07285859e-001
1.76384256e+002	6.07283534e-001
1.76517678e+002	6.07281208e-001
1.76651101e+002	6.07278883e-001
1.76784523e+002	6.07276557e-001
1.76917945e+002	6.07274232e-001
1.77051368e+002	6.07271906e-001
1.77184790e+002	6.07269581e-001
1.77318212e+002	6.07267255e-001
1.77451634e+002	6.07264930e-001
1.77585057e+002	6.07262604e-001
1.77718479e+002	6.07260279e-001
1.77851901e+002	6.07257953e-001
1.77985324e+002	6.07255628e-001
1.78118746e+002	6.07253302e-001
1.78252168e+002	6.07250977e-001
1.78385590e+002	6.07248651e-001
1.78519013e+002	6.07246326e-001
1.78652435e+002	6.07244000e-001
1.78785857e+002	6.07241675e-001
1.78919280e+002	6.07239349e-001
1.79052702e+002	6.07237024e-001
1.79186124e+002	6.07234698e-001
1.79319546e+002	6.07232373e-001
1.79452969e+002	6.07230047e-001
1.79586391e+002	6.07227722e-001
1.79719813e+002	6.07225397e-001
1.79853235e+002	6.07223071e-001
1.79986658e+002	6.07220746e-001
1.80120080e+002	6.07218420e-001
1.80253502e+002	6.07216095e-001
1.80386925e+002	6.07213769e-001
1.80520347e+002	6.07211444e-001
1.80653769e+002	6.07209118e-001
1.80787191e+002	6.07206793e-001
1.80920614e+002	6.07204467e-001
1.81054036e+002	6.07202142e-001
1.81187458e+002	6.07199816e-001
1.81320881e+002	6.07197491e-001
1.81454303e+002	6.07195165e-001
1.81587725e+002	6.07192840e-001
1.81721147e+002	6.07190514e-001
1.81854570e+002	6.07188189e-001
1.81987992e+002	6.07185863e-001
1.82121414e+002	6.07183538e-001
1.82254837e+002	6.07181212e-001
1.82388259e+002	6.07178887e-001
1.82521681e+002	6.07176561e-001
1.82655103e+002	6.07174236e-001
1.82788526e+002	6.07171910e-001
1.82921948e+002	6.07169585e-001
1.83055370e+002	6.07167259e-001
1.83188793e+002	6.07164934e-001
1.83322215e+002	6.07162608e-001
1.83455637e+002	6.07160283e-001
1.83589059e+002	6.07157957e-001
1.83722482e+002	6.07155632e-001
1.83855904e+002	6.07159190e-001
1.83989326e+002	6.07163187e-001
1.84122748e+002	6.07167184e-001
1.84256171e+002	6.07171181e-001
1.84389593e+002	6.07175178e-001
1.84523015e+002	6.07179175e-001
1.84656438e+002	6.07183172e-001
1.84789860e+002	6.07187169e-001
1.84923282e+002	6.07191166e-001
1.85056704e+002	6.07195163e-001
1.85190127e+002	6.07199160e-001
1.85323549e+002	6.07203157e-001
1.85456971e+002	6.07207154e-001
1.85590394e+002	6.07211151e-001
1.85723816e+002	6.07215149e-001
1.85857238e+002	6.07219146e-001
1.85990660e+002	6.07223143e-001
1.86124083e+002	6.07227140e-001
1.86257505e+002	6.07231137e-001
1.86390927e+002	6.07235134e-001
1.86524350e+002	6.07239131e-001
1.86657772e+002	6.07243128e-001
1.86791194e+002	6.07247125e-001
1.86924616e+002	6.07251122e-001
1.87058039e+002	6.07255119e-001
1.87191461e+002	6.07259116e-001
1.87324883e+002	6.07263113e-001
1.87458306e+002	6.07267110e-001
1.87591728e+002	6.07271107e-001
1.87725150e+002	6.07275104e-001
1.87858572e+002	6.07279101e-001
1.87991995e+002	6.07283099e-001
1.88125417e+002	6.07287096e-001
1.88258839e+002	6.07291093e-001
1.88392262e+002	6.07295090e-001
1.88525684e+002	6.07299087e-001
1.88659106e+002	6.07303084e-001
1.88792528e+002	6.07307081e-001
1.88925951e+002	6.07311078e-001
1.89059373e+002	6.07315075e-001
1.89192795e+002	6.07319072e-001
1.89326217e+002	6.07323069e-001
1.89459640e+002	6.07327066e-001
1.89593062e+002	6.07331063e-001
1.89726484e+002	6.07335060e-001
1.89859907e+002	6.07338255e-001
1.89993329e+002	6.07339664e-001
1.90126751e+002	6.07341073e-001
1.90260173e+002	6.07342483e-001
1.90393596e+002	6.07343892e-001
1.90527018e+002	6.07345301e-001
1.90660440e+002	6.07346711e-001
1.90793863e+002	6.07348120e-001
1.90927285e+002	6.07349529e-001
1.91060707e+002	6.07350939e-001
1.91194129e+002	6.07352348e-001
1.91327552e+002	6.07353757e-001
1.91460974e+002	6.07355167e-001
1.91594396e+002	6.07356576e-001
1.91727819e+002	6.07357985e-001
1.91861241e+002	6.07359394e-001
1.91994663e+002	6.07360804e-001
1.92128085e+002	6.07362213e-001
1.92261508e+002	6.07363622e-001
1.92394930e+002	6.07365032e-001
1.92528352e+002	6.07366441e-001
1.92661775e+002	6.07367850e-001
1.92795197e+002	6.07369260e-001
1.92928619e+002	6.07370669e-001
1.93062041e+002	6.07372078e-001
1.93195464e+002	6.07373488e-001
1.93328886e+002	6.07374897e-001
1.93462308e+002	6.07376306e-001
1.93595730e+002	6.07377716e-001
1.93729153e+002	6.07379125e-001
1.93862575e+002	6.07380534e-001
1.93995997e+002	6.07381944e-001
1.94129420e+002	6.07383353e-001
1.94262842e+002	6.07384762e-001
1.94396264e+002	6.07386172e-001
1.94529686e+002	6.07387581e-001
1.94663109e+002	6.07388990e-001
1.94796531e+002	6.07390400e-001
1.94929953e+002	6.07391809e-001
1.95063376e+002	6.07393218e-001
1.95196798e+002	6.07394628e-001
1.95330220e+002	6.07396037e-001
1.95463642e+002	6.07397446e-001
1.95597065e+002	6.07398856e-001
1.95730487e+002	6.07400265e-001
1.95863909e+002	6.07401674e-001
1.95997332e+002	6.07403084e-001
1.96130754e+002	6.07404493e-001
1.96264176e+002	6.07405902e-001
1.96397598e+002	6.07407312e-001
1.96531021e+002	6.07408721e-001
1.96664443e+002	6.07410130e-001
1.96797865e+002	6.07411540e-001
1.96931288e+002	6.07412949e-001
1.97064710e+002	6.07414358e-001
1.97198132e+002	6.07415768e-001
1.97331554e+002	6.07417177e-001
1.97464977e+002	6.07418586e-001
1.97598399e+002	6.07419996e-001
1.97731821e+002	6.07421405e-001
1.97865243e+002	6.07422814e-001
1.97998666e+002	6.07424224e-001
1.98132088e+002	6.07425633e-001
1.98265510e+002	6.07427042e-001
1.98398933e+002	6.07441816e-001
1.98532355e+002	6.07461774e-001
1.98665777e+002	6.07481731e-001
1.98799199e+002	6.07501688e-001
1.98932622e+002	6.07521646e-001
1.99066044e+002	6.07541603e-001
1.99199466e+002	6.07561560e-001
1.99332889e+002	6.07581517e-001
1.99466311e+002	6.07601475e-001
1.99599733e+002	6.07621432e-001
1.99733155e+002	6.07641389e-001
1.99866578e+002	6.07661347e-001
2.00000000e+002	6.07681304e-001
