% Column 0: Length, cm
% Column 1: B.n, Tesla
0.00000000e+000	6.32373958e-001	
1.80120080e-001	6.32375117e-001	
3.60240160e-001	6.32376276e-001	
5.40360240e-001	6.32377435e-001	
7.20480320e-001	6.32378594e-001	
9.00600400e-001	6.32379753e-001	
1.08072048e+000	6.32380912e-001	
1.26084056e+000	6.32382071e-001	
1.44096064e+000	6.32383230e-001	
1.62108072e+000	6.32384388e-001	
1.80120080e+000	6.32385547e-001	
1.98132088e+000	6.32386706e-001	
2.16144096e+000	6.32387865e-001	
2.34156104e+000	6.32389024e-001	
2.52168112e+000	6.32390183e-001	
2.70180120e+000	6.32391342e-001	
2.88192128e+000	6.32392501e-001	
3.06204136e+000	6.32393660e-001	
3.24216144e+000	6.32394819e-001	
3.42228152e+000	6.32395978e-001	
3.60240160e+000	6.32397137e-001	
3.78252168e+000	6.32398296e-001	
3.96264176e+000	6.32399454e-001	
4.14276184e+000	6.32400613e-001	
4.32288192e+000	6.32401772e-001	
4.50300200e+000	6.32402931e-001	
4.68312208e+000	6.32404090e-001	
4.86324216e+000	6.32405249e-001	
5.04336224e+000	6.32406408e-001	
5.22348232e+000	6.32407567e-001	
5.40360240e+000	6.32408726e-001	
5.58372248e+000	6.32409885e-001	
5.76384256e+000	6.32411044e-001	
5.94396264e+000	6.32412203e-001	
6.12408272e+000	6.32413361e-001	
6.30420280e+000	6.32414520e-001	
6.48432288e+000	6.32415679e-001	
6.66444296e+000	6.32416838e-001	
6.84456304e+000	6.32417997e-001	
7.02468312e+000	6.32419156e-001	
7.20480320e+000	6.32420315e-001	
7.38492328e+000	6.32421474e-001	
7.56504336e+000	6.32422633e-001	
7.74516344e+000	6.32423792e-001	
7.92528352e+000	6.32424951e-001	
8.10540360e+000	6.32426110e-001	
8.28552368e+000	6.32427269e-001	
8.46564376e+000	6.32428427e-001	
8.64576384e+000	6.32429586e-001	
8.82588392e+000	6.32430745e-001	
9.00600400e+000	6.32431904e-001	
9.18612408e+000	6.32433063e-001	
9.36624416e+000	6.32434222e-001	
9.54636424e+000	6.32435381e-001	
9.72648432e+000	6.32436540e-001	
9.90660440e+000	6.32437699e-001	
1.00867245e+001	6.32438858e-001	
1.02668446e+001	6.32440017e-001	
1.04469646e+001	6.32441176e-001	
1.06270847e+001	6.32442334e-001	
1.08072048e+001	6.32443493e-001	
1.09873249e+001	6.32444652e-001	
1.11674450e+001	6.32445811e-001	
1.13475650e+001	6.32446970e-001	
1.15276851e+001	6.32448129e-001	
1.17078052e+001	6.32449288e-001	
1.18879253e+001	6.32450447e-001	
1.20680454e+001	6.32451606e-001	
1.22481654e+001	6.32452765e-001	
1.24282855e+001	6.32453924e-001	
1.26084056e+001	6.32455083e-001	
1.27885257e+001	6.32456242e-001	
1.29686458e+001	6.32457400e-001	
1.31487658e+001	6.32458559e-001	
1.33288859e+001	6.32459718e-001	
1.35090060e+001	6.32460877e-001	
1.36891261e+001	6.32462036e-001	
1.38692462e+001	6.32463195e-001	
1.40493662e+001	6.32464354e-001	
1.42294863e+001	6.32465513e-001	
1.44096064e+001	6.32466672e-001	
1.45897265e+001	6.32467831e-001	
1.47698466e+001	6.32468990e-001	
1.49499666e+001	6.32470149e-001	
1.51300867e+001	6.32471307e-001	
1.53102068e+001	6.32472466e-001	
1.54903269e+001	6.32473625e-001	
1.56704470e+001	6.32474784e-001	
1.58505670e+001	6.32475943e-001	
1.60306871e+001	6.32477102e-001	
1.62108072e+001	6.32478261e-001	
1.63909273e+001	6.32479420e-001	
1.65710474e+001	6.32480579e-001	
1.67511674e+001	6.32481738e-001	
1.69312875e+001	6.32482897e-001	
1.71114076e+001	6.32487701e-001	
1.72915277e+001	6.32493626e-001	
1.74716478e+001	6.32499551e-001	
1.76517678e+001	6.32505476e-001	
1.78318879e+001	6.32511402e-001	
1.80120080e+001	6.32517327e-001	
1.81921281e+001	6.32523252e-001	
1.83722482e+001	6.32529177e-001	
1.85523682e+001	6.32535103e-001	
1.87324883e+001	6.32541028e-001	
1.89126084e+001	6.32546953e-001	
1.90927285e+001	6.32552878e-001	
1.92728486e+001	6.32558803e-001	
1.94529686e+001	6.32564729e-001	
1.96330887e+001	6.32570654e-001	
1.98132088e+001	6.32576579e-001	
1.99933289e+001	6.32582504e-001	
2.01734490e+001	6.32588430e-001	
2.03535690e+001	6.32594355e-001	
2.05336891e+001	6.32600280e-001	
2.07138092e+001	6.32606205e-001	
2.08939293e+001	6.32612130e-001	
2.10740494e+001	6.32618056e-001	
2.12541694e+001	6.32623981e-001	
2.14342895e+001	6.32629906e-001	
2.16144096e+001	6.32635831e-001	
2.17945297e+001	6.32641757e-001	
2.19746498e+001	6.32647682e-001	
2.21547698e+001	6.32653607e-001	
2.23348899e+001	6.32659532e-001	
2.25150100e+001	6.32665457e-001	
2.26951301e+001	6.32671383e-001	
2.28752502e+001	6.32677308e-001	
2.30553702e+001	6.32683233e-001	
2.32354903e+001	6.32689158e-001	
2.34156104e+001	6.32695084e-001	
2.35957305e+001	6.32701009e-001	
2.37758506e+001	6.32706934e-001	
2.39559706e+001	6.32712859e-001	
2.41360907e+001	6.32718784e-001	
2.43162108e+001	6.32724710e-001	
2.44963309e+001	6.32730635e-001	
2.46764510e+001	6.32736560e-001	
2.48565710e+001	6.32742485e-001	
2.50366911e+001	6.32748411e-001	
2.52168112e+001	6.32754336e-001	
2.53969313e+001	6.32760261e-001	
2.55770514e+001	6.32766186e-001	
2.57571714e+001	6.32772111e-001	
2.59372915e+001	6.32778037e-001	
2.61174116e+001	6.32783962e-001	
2.62975317e+001	6.32789436e-001	
2.64776518e+001	6.32794741e-001	
2.66577718e+001	6.32800045e-001	
2.68378919e+001	6.32805349e-001	
2.70180120e+001	6.32810654e-001	
2.71981321e+001	6.32815958e-001	
2.73782522e+001	6.32821262e-001	
2.75583722e+001	6.32826566e-001	
2.77384923e+001	6.32831871e-001	
2.79186124e+001	6.32837175e-001	
2.80987325e+001	6.32842479e-001	
2.82788526e+001	6.32847784e-001	
2.84589726e+001	6.32853088e-001	
2.86390927e+001	6.32858392e-001	
2.88192128e+001	6.32863696e-001	
2.89993329e+001	6.32869001e-001	
2.91794530e+001	6.32874305e-001	
2.93595730e+001	6.32879609e-001	
2.95396931e+001	6.32884914e-001	
2.97198132e+001	6.32890218e-001	
2.98999333e+001	6.32895522e-001	
3.00800534e+001	6.32900827e-001	
3.02601734e+001	6.32906131e-001	
3.04402935e+001	6.32913155e-001	
3.06204136e+001	6.32920264e-001	
3.08005337e+001	6.32927373e-001	
3.09806538e+001	6.32934482e-001	
3.11607738e+001	6.32941592e-001	
3.13408939e+001	6.32948701e-001	
3.15210140e+001	6.32955810e-001	
3.17011341e+001	6.32962919e-001	
3.18812542e+001	6.32970028e-001	
3.20613742e+001	6.32977137e-001	
3.22414943e+001	6.32984246e-001	
3.24216144e+001	6.32991356e-001	
3.26017345e+001	6.32998465e-001	
3.27818546e+001	6.33005574e-001	
3.29619746e+001	6.33012683e-001	
3.31420947e+001	6.33019792e-001	
3.33222148e+001	6.33026901e-001	
3.35023349e+001	6.33034010e-001	
3.36824550e+001	6.33041119e-001	
3.38625751e+001	6.33048229e-001	
3.40426951e+001	6.33055338e-001	
3.42228152e+001	6.33062447e-001	
3.44029353e+001	6.33069556e-001	
3.45830554e+001	6.33076665e-001	
3.47631755e+001	6.33083774e-001	
3.49432955e+001	6.33090883e-001	
3.51234156e+001	6.33097993e-001	
3.53035357e+001	6.33105102e-001	
3.54836558e+001	6.33112211e-001	
3.56637759e+001	6.33119320e-001	
3.58438959e+001	6.33126429e-001	
3.60240160e+001	6.33133538e-001	
3.62041361e+001	6.33140647e-001	
3.63842562e+001	6.33147757e-001	
3.65643763e+001	6.33154866e-001	
3.67444963e+001	6.33161975e-001	
3.69246164e+001	6.33169084e-001	
3.71047365e+001	6.33176193e-001	
3.72848566e+001	6.33183302e-001	
3.74649767e+001	6.33190411e-001	
3.76450967e+001	6.33197521e-001	
3.78252168e+001	6.33204630e-001	
3.80053369e+001	6.33211739e-001	
3.81854570e+001	6.33218848e-001	
3.83655771e+001	6.33225957e-001	
3.85456971e+001	6.33233066e-001	
3.87258172e+001	6.33240175e-001	
3.89059373e+001	6.33247284e-001	
3.90860574e+001	6.33254394e-001	
3.92661775e+001	6.33261503e-001	
3.94462975e+001	6.33268612e-001	
3.96264176e+001	6.33275721e-001	
3.98065377e+001	6.33282830e-001	
3.99866578e+001	6.33289939e-001	
4.01667779e+001	6.33297048e-001	
4.03468979e+001	6.33304158e-001	
4.05270180e+001	6.33311267e-001	
4.07071381e+001	6.33318376e-001	
4.08872582e+001	6.33325485e-001	
4.10673783e+001	6.33332594e-001	
4.12474983e+001	6.33339703e-001	
4.14276184e+001	6.33346812e-001	
4.16077385e+001	6.33353922e-001	
4.17878586e+001	6.33361031e-001	
4.19679787e+001	6.33368140e-001	
4.21480987e+001	6.33375249e-001	
4.23282188e+001	6.33382358e-001	
4.25083389e+001	6.33389467e-001	
4.26884590e+001	6.33396576e-001	
4.28685791e+001	6.33403685e-001	
4.30486991e+001	6.33410795e-001	
4.32288192e+001	6.33417904e-001	
4.34089393e+001	6.33425013e-001	
4.35890594e+001	6.33432122e-001	
4.37691795e+001	6.33439231e-001	
4.39492995e+001	6.33446340e-001	
4.41294196e+001	6.33453449e-001	
4.43095397e+001	6.33460559e-001	
4.44896598e+001	6.33467668e-001	
4.46697799e+001	6.33474777e-001	
4.48498999e+001	6.33481886e-001	
4.50300200e+001	6.33488995e-001	
4.52101401e+001	6.33496104e-001	
4.53902602e+001	6.33503213e-001	
4.55703803e+001	6.33510323e-001	
4.57505003e+001	6.33517432e-001	
4.59306204e+001	6.33524541e-001	
4.61107405e+001	6.33531650e-001	
4.62908606e+001	6.33538759e-001	
4.64709807e+001	6.33545868e-001	
4.66511007e+001	6.33552977e-001	
4.68312208e+001	6.33560086e-001	
4.70113409e+001	6.33567196e-001	
4.71914610e+001	6.33574305e-001	
4.73715811e+001	6.33581414e-001	
4.75517011e+001	6.33588523e-001	
4.77318212e+001	6.33595632e-001	
4.79119413e+001	6.33602741e-001	
4.80920614e+001	6.33609850e-001	
4.82721815e+001	6.33616960e-001	
4.84523015e+001	6.33624069e-001	
4.86324216e+001	6.33631178e-001	
4.88125417e+001	6.33638287e-001	
4.89926618e+001	6.33645396e-001	
4.91727819e+001	6.33652505e-001	
4.93529019e+001	6.33659614e-001	
4.95330220e+001	6.33666724e-001	
4.97131421e+001	6.33673833e-001	
4.98932622e+001	6.33680942e-001	
5.00733823e+001	6.33688051e-001	
5.02535023e+001	6.33694844e-001	
5.04336224e+001	6.33701196e-001	
5.06137425e+001	6.33707548e-001	
5.07938626e+001	6.33713900e-001	
5.09739827e+001	6.33720252e-001	
5.11541027e+001	6.33726604e-001	
5.13342228e+001	6.33732956e-001	
5.15143429e+001	6.33739308e-001	
5.16944630e+001	6.33745660e-001	
5.18745831e+001	6.33752012e-001	
5.20547031e+001	6.33758364e-001	
5.22348232e+001	6.33770056e-001	
5.24149433e+001	6.33782133e-001	
5.25950634e+001	6.33794210e-001	
5.27751835e+001	6.33806287e-001	
5.29553035e+001	6.33818364e-001	
5.31354236e+001	6.33830440e-001	
5.33155437e+001	6.33842517e-001	
5.34956638e+001	6.33854594e-001	
5.36757839e+001	6.33866671e-001	
5.38559039e+001	6.33878748e-001	
5.40360240e+001	6.33890824e-001	
5.42161441e+001	6.33902901e-001	
5.43962642e+001	6.33914978e-001	
5.45763843e+001	6.33927055e-001	
5.47565043e+001	6.33939132e-001	
5.49366244e+001	6.33951208e-001	
5.51167445e+001	6.33963285e-001	
5.52968646e+001	6.33975362e-001	
5.54769847e+001	6.33987439e-001	
5.56571047e+001	6.33999516e-001	
5.58372248e+001	6.34011592e-001	
5.60173449e+001	6.34023669e-001	
5.61974650e+001	6.34035746e-001	
5.63775851e+001	6.34047823e-001	
5.65577051e+001	6.34059308e-001	
5.67378252e+001	6.34070144e-001	
5.69179453e+001	6.34080980e-001	
5.70980654e+001	6.34091816e-001	
5.72781855e+001	6.34102652e-001	
5.74583055e+001	6.34113488e-001	
5.76384256e+001	6.34124324e-001	
5.78185457e+001	6.34135160e-001	
5.79986658e+001	6.34145995e-001	
5.81787859e+001	6.34156831e-001	
5.83589059e+001	6.34167667e-001	
5.85390260e+001	6.34178503e-001	
5.87191461e+001	6.34189339e-001	
5.88992662e+001	6.34200175e-001	
5.90793863e+001	6.34211011e-001	
5.92595063e+001	6.34221847e-001	
5.94396264e+001	6.34232682e-001	
5.96197465e+001	6.34243518e-001	
5.97998666e+001	6.34254354e-001	
5.99799867e+001	6.34265190e-001	
6.01601067e+001	6.34276026e-001	
6.03402268e+001	6.34286862e-001	
6.05203469e+001	6.34297698e-001	
6.07004670e+001	6.34308534e-001	
6.08805871e+001	6.34319370e-001	
6.10607071e+001	6.34330205e-001	
6.12408272e+001	6.34341041e-001	
6.14209473e+001	6.34351877e-001	
6.16010674e+001	6.34362713e-001	
6.17811875e+001	6.34373549e-001	
6.19613075e+001	6.34384385e-001	
6.21414276e+001	6.34395221e-001	
6.23215477e+001	6.34406057e-001	
6.25016678e+001	6.34416893e-001	
6.26817879e+001	6.34427728e-001	
6.28619079e+001	6.34438564e-001	
6.30420280e+001	6.34449400e-001	
6.32221481e+001	6.34460236e-001	
6.34022682e+001	6.34471072e-001	
6.35823883e+001	6.34481908e-001	
6.37625083e+001	6.34492744e-001	
6.39426284e+001	6.34504597e-001	
6.41227485e+001	6.34517117e-001	
6.43028686e+001	6.34529638e-001	
6.44829887e+001	6.34542158e-001	
6.46631087e+001	6.34554679e-001	
6.48432288e+001	6.34567199e-001	
6.50233489e+001	6.34579720e-001	
6.52034690e+001	6.34592240e-001	
6.53835891e+001	6.34604761e-001	
6.55637091e+001	6.34617281e-001	
6.57438292e+001	6.34629802e-001	
6.59239493e+001	6.34642322e-001	
6.61040694e+001	6.34654843e-001	
6.62841895e+001	6.34667363e-001	
6.64643095e+001	6.34679884e-001	
6.66444296e+001	6.34694069e-001	
6.68245497e+001	6.34710132e-001	
6.70046698e+001	6.34726194e-001	
6.71847899e+001	6.34742257e-001	
6.73649099e+001	6.34758320e-001	
6.75450300e+001	6.34774382e-001	
6.77251501e+001	6.34790445e-001	
6.79052702e+001	6.34806507e-001	
6.80853903e+001	6.34822570e-001	
6.82655103e+001	6.34838633e-001	
6.84456304e+001	6.34854695e-001	
6.86257505e+001	6.34870758e-001	
6.88058706e+001	6.34886820e-001	
6.89859907e+001	6.34902883e-001	
6.91661107e+001	6.34918946e-001	
6.93462308e+001	6.34935008e-001	
6.95263509e+001	6.34951071e-001	
6.97064710e+001	6.34967133e-001	
6.98865911e+001	6.34983196e-001	
7.00667111e+001	6.34999259e-001	
7.02468312e+001	6.35015321e-001	
7.04269513e+001	6.35031384e-001	
7.06070714e+001	6.35047446e-001	
7.07871915e+001	6.35063509e-001	
7.09673115e+001	6.35079572e-001	
7.11474316e+001	6.35095634e-001	
7.13275517e+001	6.35111697e-001	
7.15076718e+001	6.35127759e-001	
7.16877919e+001	6.35143822e-001	
7.18679119e+001	6.35159885e-001	
7.20480320e+001	6.35175947e-001	
7.22281521e+001	6.35192010e-001	
7.24082722e+001	6.35208072e-001	
7.25883923e+001	6.35224135e-001	
7.27685123e+001	6.35240198e-001	
7.29486324e+001	6.35256260e-001	
7.31287525e+001	6.35272323e-001	
7.33088726e+001	6.35288386e-001	
7.34889927e+001	6.35304448e-001	
7.36691127e+001	6.35320511e-001	
7.38492328e+001	6.35336573e-001	
7.40293529e+001	6.35352636e-001	
7.42094730e+001	6.35368699e-001	
7.43895931e+001	6.35384761e-001	
7.45697131e+001	6.35400824e-001	
7.47498332e+001	6.35416886e-001	
7.49299533e+001	6.35432949e-001	
7.51100734e+001	6.35449012e-001	
7.52901935e+001	6.35465074e-001	
7.54703135e+001	6.35481137e-001	
7.56504336e+001	6.35498894e-001	
7.58305537e+001	6.35519217e-001	
7.60106738e+001	6.35539539e-001	
7.61907939e+001	6.35559861e-001	
7.63709139e+001	6.35580184e-001	
7.65510340e+001	6.35600506e-001	
7.67311541e+001	6.35620828e-001	
7.69112742e+001	6.35641151e-001	
7.70913943e+001	6.35661473e-001	
7.72715143e+001	6.35681795e-001	
7.74516344e+001	6.35702118e-001	
7.76317545e+001	6.35722440e-001	
7.78118746e+001	6.35742763e-001	
7.79919947e+001	6.35763085e-001	
7.81721147e+001	6.35783407e-001	
7.83522348e+001	6.35803730e-001	
7.85323549e+001	6.35824052e-001	
7.87124750e+001	6.35844374e-001	
7.88925951e+001	6.35864697e-001	
7.90727151e+001	6.35885019e-001	
7.92528352e+001	6.35905341e-001	
7.94329553e+001	6.35925664e-001	
7.96130754e+001	6.35945986e-001	
7.97931955e+001	6.35966309e-001	
7.99733155e+001	6.35986631e-001	
8.01534356e+001	6.36006953e-001	
8.03335557e+001	6.36027276e-001	
8.05136758e+001	6.36047598e-001	
8.06937959e+001	6.36067920e-001	
8.08739159e+001	6.36088243e-001	
8.10540360e+001	6.36108565e-001	
8.12341561e+001	6.36128887e-001	
8.14142762e+001	6.36149210e-001	
8.15943963e+001	6.36169532e-001	
8.17745163e+001	6.36189855e-001	
8.19546364e+001	6.36210177e-001	
8.21347565e+001	6.36230499e-001	
8.23148766e+001	6.36250822e-001	
8.24949967e+001	6.36271144e-001	
8.26751167e+001	6.36291466e-001	
8.28552368e+001	6.36311789e-001	
8.30353569e+001	6.36332111e-001	
8.32154770e+001	6.36352433e-001	
8.33955971e+001	6.36372756e-001	
8.35757171e+001	6.36393078e-001	
8.37558372e+001	6.36413401e-001	
8.39359573e+001	6.36433723e-001	
8.41160774e+001	6.36454045e-001	
8.42961975e+001	6.36474368e-001	
8.44763175e+001	6.36494690e-001	
8.46564376e+001	6.36515012e-001	
8.48365577e+001	6.36535335e-001	
8.50166778e+001	6.36555657e-001	
8.51967979e+001	6.36575979e-001	
8.53769179e+001	6.36596302e-001	
8.55570380e+001	6.36616624e-001	
8.57371581e+001	6.36632675e-001	
8.59172782e+001	6.36647997e-001	
8.60973983e+001	6.36663320e-001	
8.62775183e+001	6.36678642e-001	
8.64576384e+001	6.36693964e-001	
8.66377585e+001	6.36709286e-001	
8.68178786e+001	6.36724608e-001	
8.69979987e+001	6.36739931e-001	
8.71781187e+001	6.36755253e-001	
8.73582388e+001	6.36770575e-001	
8.75383589e+001	6.36785897e-001	
8.77184790e+001	6.36801219e-001	
8.78985991e+001	6.36816542e-001	
8.80787191e+001	6.36831864e-001	
8.82588392e+001	6.36847186e-001	
8.84389593e+001	6.36862508e-001	
8.86190794e+001	6.36877830e-001	
8.87991995e+001	6.36893153e-001	
8.89793195e+001	6.36908475e-001	
8.91594396e+001	6.36923797e-001	
8.93395597e+001	6.36939119e-001	
8.95196798e+001	6.36954441e-001	
8.96997999e+001	6.36969763e-001	
8.98799199e+001	6.36985086e-001	
9.00600400e+001	6.37000408e-001	
9.02401601e+001	6.37015730e-001	
9.04202802e+001	6.37031052e-001	
9.06004003e+001	6.37046374e-001	
9.07805203e+001	6.37066008e-001	
9.09606404e+001	6.37088765e-001	
9.11407605e+001	6.37111521e-001	
9.13208806e+001	6.37134277e-001	
9.15010007e+001	6.37157034e-001	
9.16811207e+001	6.37179790e-001	
9.18612408e+001	6.37202547e-001	
9.20413609e+001	6.37225303e-001	
9.22214810e+001	6.37248060e-001	
9.24016011e+001	6.37270816e-001	
9.25817211e+001	6.37293573e-001	
9.27618412e+001	6.37316329e-001	
9.29419613e+001	6.37339086e-001	
9.31220814e+001	6.37361842e-001	
9.33022015e+001	6.37384598e-001	
9.34823215e+001	6.37407355e-001	
9.36624416e+001	6.37430111e-001	
9.38425617e+001	6.37452868e-001	
9.40226818e+001	6.37475624e-001	
9.42028019e+001	6.37498381e-001	
9.43829219e+001	6.37521137e-001	
9.45630420e+001	6.37543894e-001	
9.47431621e+001	6.37566650e-001	
9.49232822e+001	6.37589407e-001	
9.51034023e+001	6.37612163e-001	
9.52835223e+001	6.37634919e-001	
9.54636424e+001	6.37657676e-001	
9.56437625e+001	6.37680432e-001	
9.58238826e+001	6.37703189e-001	
9.60040027e+001	6.37725945e-001	
9.61841227e+001	6.37748702e-001	
9.63642428e+001	6.37771458e-001	
9.65443629e+001	6.37794215e-001	
9.67244830e+001	6.37816971e-001	
9.69046031e+001	6.37839728e-001	
9.70847231e+001	6.37862484e-001	
9.72648432e+001	6.37885240e-001	
9.74449633e+001	6.37907997e-001	
9.76250834e+001	6.37930753e-001	
9.78052035e+001	6.37953510e-001	
9.79853235e+001	6.37976266e-001	
9.81654436e+001	6.37999023e-001	
9.83455637e+001	6.38021779e-001	
9.85256838e+001	6.38044536e-001	
9.87058039e+001	6.38067292e-001	
9.88859239e+001	6.38090048e-001	
9.90660440e+001	6.38112805e-001	
9.92461641e+001	6.38135561e-001	
9.94262842e+001	6.38158318e-001	
9.96064043e+001	6.38181074e-001	
9.97865243e+001	6.38203831e-001	
9.99666444e+001	6.38226587e-001	
1.00146765e+002	6.38249344e-001	
1.00326885e+002	6.38272100e-001	
1.00507005e+002	6.38294857e-001	
1.00687125e+002	6.38317613e-001	
1.00867245e+002	6.38340369e-001	
1.01047365e+002	6.38363126e-001	
1.01227485e+002	6.38385882e-001	
1.01407605e+002	6.38408639e-001	
1.01587725e+002	6.38431395e-001	
1.01767845e+002	6.38454152e-001	
1.01947965e+002	6.38476908e-001	
1.02128085e+002	6.38499665e-001	
1.02308205e+002	6.38522421e-001	
1.02488326e+002	6.38545178e-001	
1.02668446e+002	6.38567934e-001	
1.02848566e+002	6.38590690e-001	
1.03028686e+002	6.38613447e-001	
1.03208806e+002	6.38636203e-001	
1.03388926e+002	6.38658960e-001	
1.03569046e+002	6.38681716e-001	
1.03749166e+002	6.38704473e-001	
1.03929286e+002	6.38727229e-001	
1.04109406e+002	6.38749986e-001	
1.04289526e+002	6.38772742e-001	
1.04469646e+002	6.38795499e-001	
1.04649767e+002	6.38818255e-001	
1.04829887e+002	6.38841011e-001	
1.05010007e+002	6.38863768e-001	
1.05190127e+002	6.38886524e-001	
1.05370247e+002	6.38909281e-001	
1.05550367e+002	6.38932037e-001	
1.05730487e+002	6.38954794e-001	
1.05910607e+002	6.38977550e-001	
1.06090727e+002	6.38999085e-001	
1.06270847e+002	6.39020187e-001	
1.06450967e+002	6.39041289e-001	
1.06631087e+002	6.39062391e-001	
1.06811207e+002	6.39083493e-001	
1.06991328e+002	6.39104595e-001	
1.07171448e+002	6.39125697e-001	
1.07351568e+002	6.39146799e-001	
1.07531688e+002	6.39167901e-001	
1.07711808e+002	6.39189003e-001	
1.07891928e+002	6.39210105e-001	
1.08072048e+002	6.39231207e-001	
1.08252168e+002	6.39258643e-001	
1.08432288e+002	6.39290470e-001	
1.08612408e+002	6.39322297e-001	
1.08792528e+002	6.39354124e-001	
1.08972648e+002	6.39385951e-001	
1.09152769e+002	6.39417778e-001	
1.09332889e+002	6.39451607e-001	
1.09513009e+002	6.39487033e-001	
1.09693129e+002	6.39522459e-001	
1.09873249e+002	6.39557885e-001	
1.10053369e+002	6.39593311e-001	
1.10233489e+002	6.39628737e-001	
1.10413609e+002	6.39664163e-001	
1.10593729e+002	6.39699589e-001	
1.10773849e+002	6.39735015e-001	
1.10953969e+002	6.39770441e-001	
1.11134089e+002	6.39805867e-001	
1.11314209e+002	6.39841293e-001	
1.11494330e+002	6.39876719e-001	
1.11674450e+002	6.39912145e-001	
1.11854570e+002	6.39947571e-001	
1.12034690e+002	6.39982997e-001	
1.12214810e+002	6.40018423e-001	
1.12394930e+002	6.40053850e-001	
1.12575050e+002	6.40089276e-001	
1.12755170e+002	6.40124702e-001	
1.12935290e+002	6.40160128e-001	
1.13115410e+002	6.40195554e-001	
1.13295530e+002	6.40230980e-001	
1.13475650e+002	6.40266406e-001	
1.13655771e+002	6.40301832e-001	
1.13835891e+002	6.40337258e-001	
1.14016011e+002	6.40372684e-001	
1.14196131e+002	6.40408110e-001	
1.14376251e+002	6.40443536e-001	
1.14556371e+002	6.40478962e-001	
1.14736491e+002	6.40514388e-001	
1.14916611e+002	6.40549814e-001	
1.15096731e+002	6.40585240e-001	
1.15276851e+002	6.40620666e-001	
1.15456971e+002	6.40656092e-001	
1.15637091e+002	6.40691518e-001	
1.15817211e+002	6.40726944e-001	
1.15997332e+002	6.40762370e-001	
1.16177452e+002	6.40797796e-001	
1.16357572e+002	6.40833222e-001	
1.16537692e+002	6.40868648e-001	
1.16717812e+002	6.40904074e-001	
1.16897932e+002	6.40939500e-001	
1.17078052e+002	6.40974926e-001	
1.17258172e+002	6.41010352e-001	
1.17438292e+002	6.41045778e-001	
1.17618412e+002	6.41081204e-001	
1.17798532e+002	6.41116630e-001	
1.17978652e+002	6.41152056e-001	
1.18158773e+002	6.41187483e-001	
1.18338893e+002	6.41222909e-001	
1.18519013e+002	6.41258335e-001	
1.18699133e+002	6.41293761e-001	
1.18879253e+002	6.41329187e-001	
1.19059373e+002	6.41364613e-001	
1.19239493e+002	6.41400039e-001	
1.19419613e+002	6.41435465e-001	
1.19599733e+002	6.41470891e-001	
1.19779853e+002	6.41506317e-001	
1.19959973e+002	6.41541743e-001	
1.20140093e+002	6.41577169e-001	
1.20320213e+002	6.41612595e-001	
1.20500334e+002	6.41648021e-001	
1.20680454e+002	6.41683447e-001	
1.20860574e+002	6.41718873e-001	
1.21040694e+002	6.41755601e-001	
1.21220814e+002	6.41793328e-001	
1.21400934e+002	6.41831054e-001	
1.21581054e+002	6.41868780e-001	
1.21761174e+002	6.41906507e-001	
1.21941294e+002	6.41944233e-001	
1.22121414e+002	6.41981959e-001	
1.22301534e+002	6.42019686e-001	
1.22481654e+002	6.42057412e-001	
1.22661775e+002	6.42095138e-001	
1.22841895e+002	6.42132865e-001	
1.23022015e+002	6.42170591e-001	
1.23202135e+002	6.42208317e-001	
1.23382255e+002	6.42246044e-001	
1.23562375e+002	6.42283770e-001	
1.23742495e+002	6.42321496e-001	
1.23922615e+002	6.42359223e-001	
1.24102735e+002	6.42396949e-001	
1.24282855e+002	6.42434675e-001	
1.24462975e+002	6.42472402e-001	
1.24643095e+002	6.42510128e-001	
1.24823215e+002	6.42547854e-001	
1.25003336e+002	6.42585581e-001	
1.25183456e+002	6.42623307e-001	
1.25363576e+002	6.42661033e-001	
1.25543696e+002	6.42698760e-001	
1.25723816e+002	6.42736486e-001	
1.25903936e+002	6.42774212e-001	
1.26084056e+002	6.42811939e-001	
1.26264176e+002	6.42849665e-001	
1.26444296e+002	6.42887392e-001	
1.26624416e+002	6.42925118e-001	
1.26804536e+002	6.42962844e-001	
1.26984656e+002	6.43000571e-001	
1.27164777e+002	6.43038297e-001	
1.27344897e+002	6.43076023e-001	
1.27525017e+002	6.43113750e-001	
1.27705137e+002	6.43151476e-001	
1.27885257e+002	6.43189202e-001	
1.28065377e+002	6.43226929e-001	
1.28245497e+002	6.43264655e-001	
1.28425617e+002	6.43302381e-001	
1.28605737e+002	6.43340108e-001	
1.28785857e+002	6.43377834e-001	
1.28965977e+002	6.43415560e-001	
1.29146097e+002	6.43453287e-001	
1.29326217e+002	6.43490958e-001	
1.29506338e+002	6.43527710e-001	
1.29686458e+002	6.43564461e-001	
1.29866578e+002	6.43601212e-001	
1.30046698e+002	6.43637964e-001	
1.30226818e+002	6.43674715e-001	
1.30406938e+002	6.43711467e-001	
1.30587058e+002	6.43748218e-001	
1.30767178e+002	6.43784970e-001	
1.30947298e+002	6.43821721e-001	
1.31127418e+002	6.43858473e-001	
1.31307538e+002	6.43895224e-001	
1.31487658e+002	6.43931975e-001	
1.31667779e+002	6.43968727e-001	
1.31847899e+002	6.44005478e-001	
1.32028019e+002	6.44042230e-001	
1.32208139e+002	6.44078981e-001	
1.32388259e+002	6.44115733e-001	
1.32568379e+002	6.44152484e-001	
1.32748499e+002	6.44189236e-001	
1.32928619e+002	6.44225987e-001	
1.33108739e+002	6.44262738e-001	
1.33288859e+002	6.44299490e-001	
1.33468979e+002	6.44336241e-001	
1.33649099e+002	6.44372993e-001	
1.33829219e+002	6.44409744e-001	
1.34009340e+002	6.44446496e-001	
1.34189460e+002	6.44483247e-001	
1.34369580e+002	6.44519999e-001	
1.34549700e+002	6.44556750e-001	
1.34729820e+002	6.44593501e-001	
1.34909940e+002	6.44630253e-001	
1.35090060e+002	6.44667004e-001	
1.35270180e+002	6.44703756e-001	
1.35450300e+002	6.44740507e-001	
1.35630420e+002	6.44777259e-001	
1.35810540e+002	6.44814010e-001	
1.35990660e+002	6.44850762e-001	
1.36170781e+002	6.44887513e-001	
1.36350901e+002	6.44924264e-001	
1.36531021e+002	6.44961016e-001	
1.36711141e+002	6.44997767e-001	
1.36891261e+002	6.45034519e-001	
1.37071381e+002	6.45071270e-001	
1.37251501e+002	6.45108022e-001	
1.37431621e+002	6.45144773e-001	
1.37611741e+002	6.45181525e-001	
1.37791861e+002	6.45218276e-001	
1.37971981e+002	6.45258460e-001	
1.38152101e+002	6.45301151e-001	
1.38332221e+002	6.45343842e-001	
1.38512342e+002	6.45386533e-001	
1.38692462e+002	6.45429224e-001	
1.38872582e+002	6.45471915e-001	
1.39052702e+002	6.45514606e-001	
1.39232822e+002	6.45557297e-001	
1.39412942e+002	6.45599988e-001	
1.39593062e+002	6.45642679e-001	
1.39773182e+002	6.45685369e-001	
1.39953302e+002	6.45728060e-001	
1.40133422e+002	6.45770751e-001	
1.40313542e+002	6.45813442e-001	
1.40493662e+002	6.45856133e-001	
1.40673783e+002	6.45898824e-001	
1.40853903e+002	6.45941515e-001	
1.41034023e+002	6.45984206e-001	
1.41214143e+002	6.46026897e-001	
1.41394263e+002	6.46069588e-001	
1.41574383e+002	6.46112279e-001	
1.41754503e+002	6.46154970e-001	
1.41934623e+002	6.46197660e-001	
1.42114743e+002	6.46240351e-001	
1.42294863e+002	6.46283042e-001	
1.42474983e+002	6.46325733e-001	
1.42655103e+002	6.46368424e-001	
1.42835223e+002	6.46411115e-001	
1.43015344e+002	6.46453806e-001	
1.43195464e+002	6.46496497e-001	
1.43375584e+002	6.46539188e-001	
1.43555704e+002	6.46581879e-001	
1.43735824e+002	6.46624570e-001	
1.43915944e+002	6.46667261e-001	
1.44096064e+002	6.46709952e-001	
1.44276184e+002	6.46752642e-001	
1.44456304e+002	6.46795333e-001	
1.44636424e+002	6.46838024e-001	
1.44816544e+002	6.46880715e-001	
1.44996664e+002	6.46923406e-001	
1.45176785e+002	6.46966097e-001	
1.45356905e+002	6.47017944e-001	
1.45537025e+002	6.47074232e-001	
1.45717145e+002	6.47130521e-001	
1.45897265e+002	6.47186809e-001	
1.46077385e+002	6.47243097e-001	
1.46257505e+002	6.47299386e-001	
1.46437625e+002	6.47355674e-001	
1.46617745e+002	6.47411963e-001	
1.46797865e+002	6.47468251e-001	
1.46977985e+002	6.47524540e-001	
1.47158105e+002	6.47580828e-001	
1.47338225e+002	6.47637116e-001	
1.47518346e+002	6.47693405e-001	
1.47698466e+002	6.47749693e-001	
1.47878586e+002	6.47805982e-001	
1.48058706e+002	6.47862270e-001	
1.48238826e+002	6.47918558e-001	
1.48418946e+002	6.47974847e-001	
1.48599066e+002	6.48031135e-001	
1.48779186e+002	6.48087424e-001	
1.48959306e+002	6.48143712e-001	
1.49139426e+002	6.48200000e-001	
1.49319546e+002	6.48256289e-001	
1.49499666e+002	6.48312577e-001	
1.49679787e+002	6.48368866e-001	
1.49859907e+002	6.48425154e-001	
1.50040027e+002	6.48481442e-001	
1.50220147e+002	6.48537731e-001	
1.50400267e+002	6.48594019e-001	
1.50580387e+002	6.48650308e-001	
1.50760507e+002	6.48706596e-001	
1.50940627e+002	6.48762885e-001	
1.51120747e+002	6.48819173e-001	
1.51300867e+002	6.48875461e-001	
1.51480987e+002	6.48931750e-001	
1.51661107e+002	6.48988038e-001	
1.51841227e+002	6.49044327e-001	
1.52021348e+002	6.49100615e-001	
1.52201468e+002	6.49156903e-001	
1.52381588e+002	6.49213192e-001	
1.52561708e+002	6.49269480e-001	
1.52741828e+002	6.49325769e-001	
1.52921948e+002	6.49382057e-001	
1.53102068e+002	6.49438345e-001	
1.53282188e+002	6.49494634e-001	
1.53462308e+002	6.49550922e-001	
1.53642428e+002	6.49607211e-001	
1.53822548e+002	6.49663499e-001	
1.54002668e+002	6.49719787e-001	
1.54182789e+002	6.49776076e-001	
1.54362909e+002	6.49832364e-001	
1.54543029e+002	6.49888653e-001	
1.54723149e+002	6.49944941e-001	
1.54903269e+002	6.50001230e-001	
1.55083389e+002	6.50054924e-001	
1.55263509e+002	6.50104542e-001	
1.55443629e+002	6.50154161e-001	
1.55623749e+002	6.50203779e-001	
1.55803869e+002	6.50253397e-001	
1.55983989e+002	6.50303015e-001	
1.56164109e+002	6.50352633e-001	
1.56344229e+002	6.50402252e-001	
1.56524350e+002	6.50451870e-001	
1.56704470e+002	6.50501488e-001	
1.56884590e+002	6.50551106e-001	
1.57064710e+002	6.50600724e-001	
1.57244830e+002	6.50653224e-001	
1.57424950e+002	6.50709436e-001	
1.57605070e+002	6.50765649e-001	
1.57785190e+002	6.50821861e-001	
1.57965310e+002	6.50878074e-001	
1.58145430e+002	6.50934287e-001	
1.58325550e+002	6.50990499e-001	
1.58505670e+002	6.51046712e-001	
1.58685791e+002	6.51102924e-001	
1.58865911e+002	6.51159137e-001	
1.59046031e+002	6.51215349e-001	
1.59226151e+002	6.51271562e-001	
1.59406271e+002	6.51327775e-001	
1.59586391e+002	6.51383987e-001	
1.59766511e+002	6.51440200e-001	
1.59946631e+002	6.51496412e-001	
1.60126751e+002	6.51552625e-001	
1.60306871e+002	6.51608838e-001	
1.60486991e+002	6.51665050e-001	
1.60667111e+002	6.51721263e-001	
1.60847231e+002	6.51777475e-001	
1.61027352e+002	6.51833688e-001	
1.61207472e+002	6.51889900e-001	
1.61387592e+002	6.51946113e-001	
1.61567712e+002	6.52002326e-001	
1.61747832e+002	6.52058538e-001	
1.61927952e+002	6.52114751e-001	
1.62108072e+002	6.52170963e-001	
1.62288192e+002	6.52227176e-001	
1.62468312e+002	6.52283388e-001	
1.62648432e+002	6.52339601e-001	
1.62828552e+002	6.52392896e-001	
1.63008672e+002	6.52444976e-001	
1.63188793e+002	6.52497057e-001	
1.63368913e+002	6.52549137e-001	
1.63549033e+002	6.52601218e-001	
1.63729153e+002	6.52653298e-001	
1.63909273e+002	6.52705379e-001	
1.64089393e+002	6.52757459e-001	
1.64269513e+002	6.52809540e-001	
1.64449633e+002	6.52861620e-001	
1.64629753e+002	6.52913701e-001	
1.64809873e+002	6.52965781e-001	
1.64989993e+002	6.53017862e-001	
1.65170113e+002	6.53069943e-001	
1.65350233e+002	6.53122023e-001	
1.65530354e+002	6.53174104e-001	
1.65710474e+002	6.53226184e-001	
1.65890594e+002	6.53278265e-001	
1.66070714e+002	6.53330345e-001	
1.66250834e+002	6.53382426e-001	
1.66430954e+002	6.53434506e-001	
1.66611074e+002	6.53486587e-001	
1.66791194e+002	6.53538667e-001	
1.66971314e+002	6.53590748e-001	
1.67151434e+002	6.53642828e-001	
1.67331554e+002	6.53694909e-001	
1.67511674e+002	6.53746989e-001	
1.67691795e+002	6.53799070e-001	
1.67871915e+002	6.53851151e-001	
1.68052035e+002	6.53912075e-001	
1.68232155e+002	6.53976588e-001	
1.68412275e+002	6.54041101e-001	
1.68592395e+002	6.54105614e-001	
1.68772515e+002	6.54170127e-001	
1.68952635e+002	6.54234640e-001	
1.69132755e+002	6.54299153e-001	
1.69312875e+002	6.54367421e-001	
1.69492995e+002	6.54440626e-001	
1.69673115e+002	6.54513831e-001	
1.69853235e+002	6.54587035e-001	
1.70033356e+002	6.54660240e-001	
1.70213476e+002	6.54733444e-001	
1.70393596e+002	6.54806649e-001	
1.70573716e+002	6.54879854e-001	
1.70753836e+002	6.54953058e-001	
1.70933956e+002	6.55026263e-001	
1.71114076e+002	6.55099468e-001	
1.71294196e+002	6.55172672e-001	
1.71474316e+002	6.55245877e-001	
1.71654436e+002	6.55319082e-001	
1.71834556e+002	6.55392286e-001	
1.72014676e+002	6.55465491e-001	
1.72194797e+002	6.55538695e-001	
1.72374917e+002	6.55611900e-001	
1.72555037e+002	6.55685105e-001	
1.72735157e+002	6.55758309e-001	
1.72915277e+002	6.55831514e-001	
1.73095397e+002	6.55904719e-001	
1.73275517e+002	6.55977923e-001	
1.73455637e+002	6.56051128e-001	
1.73635757e+002	6.56124333e-001	
1.73815877e+002	6.56197537e-001	
1.73995997e+002	6.56269497e-001	
1.74176117e+002	6.56339362e-001	
1.74356237e+002	6.56409228e-001	
1.74536358e+002	6.56479094e-001	
1.74716478e+002	6.56548959e-001	
1.74896598e+002	6.56618825e-001	
1.75076718e+002	6.56688691e-001	
1.75256838e+002	6.56758556e-001	
1.75436958e+002	6.56828422e-001	
1.75617078e+002	6.56898288e-001	
1.75797198e+002	6.56968153e-001	
1.75977318e+002	6.57038019e-001	
1.76157438e+002	6.57107885e-001	
1.76337558e+002	6.57177750e-001	
1.76517678e+002	6.57247616e-001	
1.76697799e+002	6.57317482e-001	
1.76877919e+002	6.57387347e-001	
1.77058039e+002	6.57457213e-001	
1.77238159e+002	6.57527079e-001	
1.77418279e+002	6.57596944e-001	
1.77598399e+002	6.57666810e-001	
1.77778519e+002	6.57736676e-001	
1.77958639e+002	6.57806541e-001	
1.78138759e+002	6.57876407e-001	
1.78318879e+002	6.57946273e-001	
1.78498999e+002	6.58016138e-001	
1.78679119e+002	6.58086004e-001	
1.78859239e+002	6.58155870e-001	
1.79039360e+002	6.58225735e-001	
1.79219480e+002	6.58295601e-001	
1.79399600e+002	6.58365467e-001	
1.79579720e+002	6.58435332e-001	
1.79759840e+002	6.58505198e-001	
1.79939960e+002	6.58575064e-001	
1.80120080e+002	6.58644929e-001	
1.80300200e+002	6.58714795e-001	
1.80480320e+002	6.58784661e-001	
1.80660440e+002	6.58854526e-001	
1.80840560e+002	6.58924392e-001	
1.81020680e+002	6.58994258e-001	
1.81200801e+002	6.59064123e-001	
1.81380921e+002	6.59133989e-001	
1.81561041e+002	6.59203855e-001	
1.81741161e+002	6.59273720e-001	
1.81921281e+002	6.59343586e-001	
1.82101401e+002	6.59413452e-001	
1.82281521e+002	6.59483317e-001	
1.82461641e+002	6.59559125e-001	
1.82641761e+002	6.59640085e-001	
1.82821881e+002	6.59721046e-001	
1.83002001e+002	6.59802007e-001	
1.83182121e+002	6.59882968e-001	
1.83362241e+002	6.59963929e-001	
1.83542362e+002	6.60044890e-001	
1.83722482e+002	6.60125850e-001	
1.83902602e+002	6.60206811e-001	
1.84082722e+002	6.60287772e-001	
1.84262842e+002	6.60368733e-001	
1.84442962e+002	6.60449694e-001	
1.84623082e+002	6.60530655e-001	
1.84803202e+002	6.60611615e-001	
1.84983322e+002	6.60692576e-001	
1.85163442e+002	6.60773537e-001	
1.85343562e+002	6.60854498e-001	
1.85523682e+002	6.60935123e-001	
1.85703803e+002	6.61014384e-001	
1.85883923e+002	6.61093646e-001	
1.86064043e+002	6.61172907e-001	
1.86244163e+002	6.61252169e-001	
1.86424283e+002	6.61331430e-001	
1.86604403e+002	6.61410692e-001	
1.86784523e+002	6.61489953e-001	
1.86964643e+002	6.61569215e-001	
1.87144763e+002	6.61648476e-001	
1.87324883e+002	6.61727738e-001	
1.87505003e+002	6.61806999e-001	
1.87685123e+002	6.61886261e-001	
1.87865243e+002	6.61965522e-001	
1.88045364e+002	6.62044784e-001	
1.88225484e+002	6.62124045e-001	
1.88405604e+002	6.62203307e-001	
1.88585724e+002	6.62282569e-001	
1.88765844e+002	6.62361830e-001	
1.88945964e+002	6.62441092e-001	
1.89126084e+002	6.62520353e-001	
1.89306204e+002	6.62599615e-001	
1.89486324e+002	6.62678876e-001	
1.89666444e+002	6.62758138e-001	
1.89846564e+002	6.62837399e-001	
1.90026684e+002	6.62916661e-001	
1.90206805e+002	6.62995922e-001	
1.90386925e+002	6.63075184e-001	
1.90567045e+002	6.63154445e-001	
1.90747165e+002	6.63233707e-001	
1.90927285e+002	6.63312968e-001	
1.91107405e+002	6.63392230e-001	
1.91287525e+002	6.63471491e-001	
1.91467645e+002	6.63550753e-001	
1.91647765e+002	6.63630014e-001	
1.91827885e+002	6.63709276e-001	
1.92008005e+002	6.63788537e-001	
1.92188125e+002	6.63867799e-001	
1.92368245e+002	6.63947060e-001	
1.92548366e+002	6.64026322e-001	
1.92728486e+002	6.64105583e-001	
1.92908606e+002	6.64184845e-001	
1.93088726e+002	6.64264106e-001	
1.93268846e+002	6.64343368e-001	
1.93448966e+002	6.64422630e-001	
1.93629086e+002	6.64501891e-001	
1.93809206e+002	6.64581153e-001	
1.93989326e+002	6.64660414e-001	
1.94169446e+002	6.64739676e-001	
1.94349566e+002	6.64818937e-001	
1.94529686e+002	6.64898199e-001	
1.94709807e+002	6.64977460e-001	
1.94889927e+002	6.65056722e-001	
1.95070047e+002	6.65135983e-001	
1.95250167e+002	6.65215245e-001	
1.95430287e+002	6.65294506e-001	
1.95610407e+002	6.65373768e-001	
1.95790527e+002	6.65453029e-001	
1.95970647e+002	6.65532291e-001	
1.96150767e+002	6.65611552e-001	
1.96330887e+002	6.65690814e-001	
1.96511007e+002	6.65770075e-001	
1.96691127e+002	6.65849337e-001	
1.96871247e+002	6.65928598e-001	
1.97051368e+002	6.66007860e-001	
1.97231488e+002	6.66087121e-001	
1.97411608e+002	6.66166383e-001	
1.97591728e+002	6.66245644e-001	
1.97771848e+002	6.66324906e-001	
1.97951968e+002	6.66404168e-001	
1.98132088e+002	6.66483429e-001	
1.98312208e+002	6.66573523e-001	
1.98492328e+002	6.66670685e-001	
1.98672448e+002	6.66767847e-001	
1.98852568e+002	6.66865009e-001	
1.99032688e+002	6.66962172e-001	
1.99212809e+002	6.67059334e-001	
1.99392929e+002	6.67156496e-001	
1.99573049e+002	6.67253659e-001	
1.99753169e+002	6.67350821e-001	
1.99933289e+002	6.67447983e-001	
2.00113409e+002	6.67545145e-001	
2.00293529e+002	6.67642308e-001	
2.00473649e+002	6.67739470e-001	
2.00653769e+002	6.67836632e-001	
2.00833889e+002	6.67933795e-001	
2.01014009e+002	6.68030957e-001	
2.01194129e+002	6.68128119e-001	
2.01374249e+002	6.68225282e-001	
2.01554370e+002	6.68322444e-001	
2.01734490e+002	6.68419606e-001	
2.01914610e+002	6.68516768e-001	
2.02094730e+002	6.68613931e-001	
2.02274850e+002	6.68711093e-001	
2.02454970e+002	6.68808255e-001	
2.02635090e+002	6.68905418e-001	
2.02815210e+002	6.69002580e-001	
2.02995330e+002	6.69099742e-001	
2.03175450e+002	6.69196904e-001	
2.03355570e+002	6.69294067e-001	
2.03535690e+002	6.69391229e-001	
2.03715811e+002	6.69487798e-001	
2.03895931e+002	6.69579689e-001	
2.04076051e+002	6.69671581e-001	
2.04256171e+002	6.69763472e-001	
2.04436291e+002	6.69855363e-001	
2.04616411e+002	6.69947254e-001	
2.04796531e+002	6.70039145e-001	
2.04976651e+002	6.70131036e-001	
2.05156771e+002	6.70222927e-001	
2.05336891e+002	6.70314819e-001	
2.05517011e+002	6.70406710e-001	
2.05697131e+002	6.70498601e-001	
2.05877252e+002	6.70590492e-001	
2.06057372e+002	6.70682383e-001	
2.06237492e+002	6.70774274e-001	
2.06417612e+002	6.70866166e-001	
2.06597732e+002	6.70958057e-001	
2.06777852e+002	6.71049948e-001	
2.06957972e+002	6.71141839e-001	
2.07138092e+002	6.71233730e-001	
2.07318212e+002	6.71325621e-001	
2.07498332e+002	6.71417513e-001	
2.07678452e+002	6.71509404e-001	
2.07858572e+002	6.71601295e-001	
2.08038692e+002	6.71693186e-001	
2.08218813e+002	6.71785077e-001	
2.08398933e+002	6.71876968e-001	
2.08579053e+002	6.71968860e-001	
2.08759173e+002	6.72060751e-001	
2.08939293e+002	6.72152642e-001	
2.09119413e+002	6.72244533e-001	
2.09299533e+002	6.72336424e-001	
2.09479653e+002	6.72428315e-001	
2.09659773e+002	6.72520206e-001	
2.09839893e+002	6.72612098e-001	
2.10020013e+002	6.72703989e-001	
2.10200133e+002	6.72795880e-001	
2.10380254e+002	6.72887771e-001	
2.10560374e+002	6.72979662e-001	
2.10740494e+002	6.73071553e-001	
2.10920614e+002	6.73163445e-001	
2.11100734e+002	6.73255336e-001	
2.11280854e+002	6.73347227e-001	
2.11460974e+002	6.73439118e-001	
2.11641094e+002	6.73543167e-001	
2.11821214e+002	6.73650153e-001	
2.12001334e+002	6.73757138e-001	
2.12181454e+002	6.73864123e-001	
2.12361574e+002	6.73971109e-001	
2.12541694e+002	6.74078094e-001	
2.12721815e+002	6.74185079e-001	
2.12901935e+002	6.74292065e-001	
2.13082055e+002	6.74399050e-001	
2.13262175e+002	6.74506035e-001	
2.13442295e+002	6.74613021e-001	
2.13622415e+002	6.74720006e-001	
2.13802535e+002	6.74826991e-001	
2.13982655e+002	6.74933977e-001	
2.14162775e+002	6.75040962e-001	
2.14342895e+002	6.75147947e-001	
2.14523015e+002	6.75254933e-001	
2.14703135e+002	6.75361918e-001	
2.14883256e+002	6.75468903e-001	
2.15063376e+002	6.75575888e-001	
2.15243496e+002	6.75682874e-001	
2.15423616e+002	6.75789859e-001	
2.15603736e+002	6.75896844e-001	
2.15783856e+002	6.76003830e-001	
2.15963976e+002	6.76110815e-001	
2.16144096e+002	6.76217800e-001	
2.16324216e+002	6.76324786e-001	
2.16504336e+002	6.76431771e-001	
2.16684456e+002	6.76538756e-001	
2.16864576e+002	6.76645742e-001	
2.17044696e+002	6.76752727e-001	
2.17224817e+002	6.76859712e-001	
2.17404937e+002	6.76966698e-001	
2.17585057e+002	6.77073683e-001	
2.17765177e+002	6.77180668e-001	
2.17945297e+002	6.77287654e-001	
2.18125417e+002	6.77394639e-001	
2.18305537e+002	6.77501624e-001	
2.18485657e+002	6.77608610e-001	
2.18665777e+002	6.77715595e-001	
2.18845897e+002	6.77822580e-001	
2.19026017e+002	6.77929566e-001	
2.19206137e+002	6.78036551e-001	
2.19386258e+002	6.78143536e-001	
2.19566378e+002	6.78248315e-001	
2.19746498e+002	6.78341984e-001	
2.19926618e+002	6.78435652e-001	
2.20106738e+002	6.78529321e-001	
2.20286858e+002	6.78622989e-001	
2.20466978e+002	6.78716658e-001	
2.20647098e+002	6.78810326e-001	
2.20827218e+002	6.78903995e-001	
2.21007338e+002	6.78997663e-001	
2.21187458e+002	6.79091332e-001	
2.21367578e+002	6.79185000e-001	
2.21547698e+002	6.79278669e-001	
2.21727819e+002	6.79372337e-001	
2.21907939e+002	6.79466006e-001	
2.22088059e+002	6.79559674e-001	
2.22268179e+002	6.79653343e-001	
2.22448299e+002	6.79747011e-001	
2.22628419e+002	6.79840680e-001	
2.22808539e+002	6.79934348e-001	
2.22988659e+002	6.80028017e-001	
2.23168779e+002	6.80121685e-001	
2.23348899e+002	6.80215354e-001	
2.23529019e+002	6.80309023e-001	
2.23709139e+002	6.80402691e-001	
2.23889260e+002	6.80496360e-001	
2.24069380e+002	6.80590028e-001	
2.24249500e+002	6.80683697e-001	
2.24429620e+002	6.80785746e-001	
2.24609740e+002	6.80897400e-001	
2.24789860e+002	6.81009054e-001	
2.24969980e+002	6.81120708e-001	
2.25150100e+002	6.81232362e-001	
2.25330220e+002	6.81344016e-001	
2.25510340e+002	6.81455669e-001	
2.25690460e+002	6.81567323e-001	
2.25870580e+002	6.81678977e-001	
2.26050700e+002	6.81790631e-001	
2.26230821e+002	6.81902285e-001	
2.26410941e+002	6.82013939e-001	
2.26591061e+002	6.82125593e-001	
2.26771181e+002	6.82237247e-001	
2.26951301e+002	6.82348901e-001	
2.27131421e+002	6.82460555e-001	
2.27311541e+002	6.82572209e-001	
2.27491661e+002	6.82683863e-001	
2.27671781e+002	6.82795517e-001	
2.27851901e+002	6.82907170e-001	
2.28032021e+002	6.83018824e-001	
2.28212141e+002	6.83130478e-001	
2.28392262e+002	6.83242132e-001	
2.28572382e+002	6.83353786e-001	
2.28752502e+002	6.83458008e-001	
2.28932622e+002	6.83560595e-001	
2.29112742e+002	6.83663183e-001	
2.29292862e+002	6.83765770e-001	
2.29472982e+002	6.83868357e-001	
2.29653102e+002	6.83970945e-001	
2.29833222e+002	6.84073532e-001	
2.30013342e+002	6.84176119e-001	
2.30193462e+002	6.84278706e-001	
2.30373582e+002	6.84381294e-001	
2.30553702e+002	6.84483881e-001	
2.30733823e+002	6.84586468e-001	
2.30913943e+002	6.84689055e-001	
2.31094063e+002	6.84791643e-001	
2.31274183e+002	6.84894230e-001	
2.31454303e+002	6.84996817e-001	
2.31634423e+002	6.85099405e-001	
2.31814543e+002	6.85201992e-001	
2.31994663e+002	6.85304579e-001	
2.32174783e+002	6.85407166e-001	
2.32354903e+002	6.85509754e-001	
2.32535023e+002	6.85612341e-001	
2.32715143e+002	6.85714928e-001	
2.32895264e+002	6.85817515e-001	
2.33075384e+002	6.85920103e-001	
2.33255504e+002	6.86022690e-001	
2.33435624e+002	6.86125277e-001	
2.33615744e+002	6.86227865e-001	
2.33795864e+002	6.86330452e-001	
2.33975984e+002	6.86433039e-001	
2.34156104e+002	6.86535626e-001	
2.34336224e+002	6.86638214e-001	
2.34516344e+002	6.86740801e-001	
2.34696464e+002	6.86846096e-001	
2.34876584e+002	6.86954719e-001	
2.35056704e+002	6.87063341e-001	
2.35236825e+002	6.87171964e-001	
2.35416945e+002	6.87280587e-001	
2.35597065e+002	6.87389210e-001	
2.35777185e+002	6.87497833e-001	
2.35957305e+002	6.87606456e-001	
2.36137425e+002	6.87715079e-001	
2.36317545e+002	6.87823702e-001	
2.36497665e+002	6.87932325e-001	
2.36677785e+002	6.88040948e-001	
2.36857905e+002	6.88149571e-001	
2.37038025e+002	6.88258194e-001	
2.37218145e+002	6.88366817e-001	
2.37398266e+002	6.88475440e-001	
2.37578386e+002	6.88584063e-001	
2.37758506e+002	6.88692686e-001	
2.37938626e+002	6.88801309e-001	
2.38118746e+002	6.88909932e-001	
2.38298866e+002	6.89018555e-001	
2.38478986e+002	6.89127177e-001	
2.38659106e+002	6.89235800e-001	
2.38839226e+002	6.89344423e-001	
2.39019346e+002	6.89453046e-001	
2.39199466e+002	6.89561669e-001	
2.39379586e+002	6.89670292e-001	
2.39559706e+002	6.89778915e-001	
2.39739827e+002	6.89887538e-001	
2.39919947e+002	6.89996161e-001	
2.40100067e+002	6.90104784e-001	
2.40280187e+002	6.90213407e-001	
2.40460307e+002	6.90322030e-001	
2.40640427e+002	6.90430653e-001	
2.40820547e+002	6.90539276e-001	
2.41000667e+002	6.90647899e-001	
2.41180787e+002	6.90756522e-001	
2.41360907e+002	6.90865144e-001	
2.41541027e+002	6.90969102e-001	
2.41721147e+002	6.91073060e-001	
2.41901268e+002	6.91177017e-001	
2.42081388e+002	6.91280975e-001	
2.42261508e+002	6.91384933e-001	
2.42441628e+002	6.91488920e-001	
2.42621748e+002	6.91594801e-001	
2.42801868e+002	6.91700682e-001	
2.42981988e+002	6.91806563e-001	
2.43162108e+002	6.91912445e-001	
2.43342228e+002	6.92018326e-001	
2.43522348e+002	6.92124207e-001	
2.43702468e+002	6.92230089e-001	
2.43882588e+002	6.92335970e-001	
2.44062708e+002	6.92441851e-001	
2.44242829e+002	6.92548240e-001	
2.44422949e+002	6.92655123e-001	
2.44603069e+002	6.92762006e-001	
2.44783189e+002	6.92868889e-001	
2.44963309e+002	6.92975772e-001	
2.45143429e+002	6.93082656e-001	
2.45323549e+002	6.93189539e-001	
2.45503669e+002	6.93296422e-001	
2.45683789e+002	6.93403305e-001	
2.45863909e+002	6.93510188e-001	
2.46044029e+002	6.93617071e-001	
2.46224149e+002	6.93723954e-001	
2.46404270e+002	6.93830838e-001	
2.46584390e+002	6.93937721e-001	
2.46764510e+002	6.94044604e-001	
2.46944630e+002	6.94151487e-001	
2.47124750e+002	6.94258370e-001	
2.47304870e+002	6.94365253e-001	
2.47484990e+002	6.94472136e-001	
2.47665110e+002	6.94579019e-001	
2.47845230e+002	6.94685903e-001	
2.48025350e+002	6.94792786e-001	
2.48205470e+002	6.94903329e-001	
2.48385590e+002	6.95033634e-001	
2.48565710e+002	6.95163938e-001	
2.48745831e+002	6.95294242e-001	
2.48925951e+002	6.95424547e-001	
2.49106071e+002	6.95554851e-001	
2.49286191e+002	6.95685155e-001	
2.49466311e+002	6.95815460e-001	
2.49646431e+002	6.95945764e-001	
2.49826551e+002	6.96076068e-001	
2.50006671e+002	6.96206373e-001	
2.50186791e+002	6.96336579e-001	
2.50366911e+002	6.96459085e-001	
2.50547031e+002	6.96581592e-001	
2.50727151e+002	6.96704098e-001	
2.50907272e+002	6.96826604e-001	
2.51087392e+002	6.96949110e-001	
2.51267512e+002	6.97071617e-001	
2.51447632e+002	6.97194123e-001	
2.51627752e+002	6.97316629e-001	
2.51807872e+002	6.97439135e-001	
2.51987992e+002	6.97561642e-001	
2.52168112e+002	6.97684148e-001	
2.52348232e+002	6.97806654e-001	
2.52528352e+002	6.97929160e-001	
2.52708472e+002	6.98046451e-001	
2.52888592e+002	6.98157237e-001	
2.53068712e+002	6.98268022e-001	
2.53248833e+002	6.98378808e-001	
2.53428953e+002	6.98489593e-001	
2.53609073e+002	6.98600379e-001	
2.53789193e+002	6.98711164e-001	
2.53969313e+002	6.98821950e-001	
2.54149433e+002	6.98932735e-001	
2.54329553e+002	6.99043521e-001	
2.54509673e+002	6.99154306e-001	
2.54689793e+002	6.99266998e-001	
2.54869913e+002	6.99379883e-001	
2.55050033e+002	6.99492768e-001	
2.55230153e+002	6.99605653e-001	
2.55410274e+002	6.99718538e-001	
2.55590394e+002	6.99832073e-001	
2.55770514e+002	6.99946058e-001	
2.55950634e+002	7.00060044e-001	
2.56130754e+002	7.00174030e-001	
2.56310874e+002	7.00288016e-001	
2.56490994e+002	7.00404486e-001	
2.56671114e+002	7.00526595e-001	
2.56851234e+002	7.00648705e-001	
2.57031354e+002	7.00770815e-001	
2.57211474e+002	7.00892925e-001	
2.57391594e+002	7.01011494e-001	
2.57571714e+002	7.01128284e-001	
2.57751835e+002	7.01245073e-001	
2.57931955e+002	7.01361863e-001	
2.58112075e+002	7.01100620e-001	
2.58292195e+002	6.88061020e-001	
2.58472315e+002	6.75021420e-001	
2.58652435e+002	6.61981820e-001	
2.58832555e+002	6.48942220e-001	
2.59012675e+002	6.35902620e-001	
2.59192795e+002	6.22863020e-001	
2.59372915e+002	6.09823420e-001	
2.59553035e+002	5.96783820e-001	
2.59733155e+002	5.83744220e-001	
2.59913276e+002	5.70704621e-001	
2.60093396e+002	5.22953446e-001	
2.60273516e+002	4.42970098e-001	
2.60453636e+002	3.62986750e-001	
2.60633756e+002	2.70861222e-001	
2.60813876e+002	1.74526810e-001	
2.60993996e+002	7.81923974e-002	
2.61174116e+002	4.68788689e-002	
2.61354236e+002	1.78073930e-002	
2.61534356e+002	-1.12640829e-002	
2.61714476e+002	-2.59540022e-002	
2.61894596e+002	-2.56750127e-002	
2.62074716e+002	-2.53960232e-002	
2.62254837e+002	-2.51170337e-002	
2.62434957e+002	-2.49807022e-002	
2.62615077e+002	-2.48826782e-002	
2.62795197e+002	-2.47846542e-002	
2.62975317e+002	-2.46866302e-002	
2.63155437e+002	-2.45992550e-002	
2.63335557e+002	-2.45121300e-002	
2.63515677e+002	-2.44250051e-002	
2.63695797e+002	-2.43139553e-002	
2.63875917e+002	-2.41700888e-002	
2.64056037e+002	-2.40141931e-002	
2.64236157e+002	-2.38805219e-002	
2.64416278e+002	-2.37603168e-002	
2.64596398e+002	-2.36449603e-002	
2.64776518e+002	-2.35323534e-002	
2.64956638e+002	-2.34197465e-002	
2.65136758e+002	-2.33071396e-002	
2.65316878e+002	-2.31945326e-002	
2.65496998e+002	-2.30819257e-002	
2.65677118e+002	-2.29723372e-002	
2.65857238e+002	-2.28696254e-002	
2.66037358e+002	-2.27592581e-002	
2.66217478e+002	-2.26509235e-002	
2.66397598e+002	-2.25431371e-002	
2.66577718e+002	-2.24353507e-002	
2.66757839e+002	-2.23275642e-002	
2.66937959e+002	-2.22197778e-002	
2.67118079e+002	-2.21119914e-002	
2.67298199e+002	-2.20039464e-002	
2.67478319e+002	-2.18907132e-002	
2.67658439e+002	-2.17774801e-002	
2.67838559e+002	-2.16642469e-002	
2.68018679e+002	-2.15510137e-002	
2.68198799e+002	-2.14352723e-002	
2.68378919e+002	-2.13187419e-002	
2.68559039e+002	-2.12022115e-002	
2.68739159e+002	-2.10856811e-002	
2.68919280e+002	-2.09691507e-002	
2.69099400e+002	-2.08526203e-002	
2.69279520e+002	-2.07360899e-002	
2.69459640e+002	-2.06195595e-002	
2.69639760e+002	-2.05200659e-002	
2.69819880e+002	-2.04284673e-002	
2.70000000e+002	-2.03368687e-002	
